-1.31,-4.39,0.80
-1.40,-4.07,0.58
-1.48,-3.49,0.45
-1.79,-2.68,0.27
-1.91,-2.01,0.01
-2.16,-1.34,-0.11
-2.55,-0.64,-0.45
-2.87,0.08,-0.73
-3.55,0.89,-0.88
-3.82,1.46,-1.28
-4.41,2.02,-1.56
-4.63,2.54,-1.73
-5.17,3.03,-1.86
-5.35,3.27,-2.18
-5.54,3.60,-2.26
-5.86,3.84,-2.31
-6.00,3.90,-2.58
-5.95,3.73,-2.47
-5.86,3.77,-2.40
-5.80,3.58,-2.53
-5.58,3.32,-2.53
-5.38,3.36,-2.59
-4.99,2.80,-2.75
-4.52,2.37,-2.81
-4.19,1.82,-2.98
-3.88,1.48,-3.10
-3.47,0.80,-3.21
-3.42,0.29,-3.34
-3.20,-0.26,-3.38
-3.32,-0.64,-3.47
-3.20,-0.97,-3.45
-3.51,-1.30,-3.57
-3.66,-1.50,-3.49
-3.90,-1.56,-3.48
-4.18,-1.64,-3.49
-4.25,-1.71,-3.29
-4.63,-1.14,-3.10
-4.75,-1.08,-2.95
-4.92,-0.97,-2.77
-5.09,-1.00,-2.41
-5.45,-0.71,-2.16
-5.55,-0.37,-1.88
-5.80,-0.07,-1.60
-6.07,0.04,-1.28
-6.21,0.23,-1.00
-6.27,0.74,-1.00
-6.28,1.20,-0.76
-6.32,1.46,-0.69
-6.12,1.91,-0.55
-6.02,2.37,-0.54
-5.76,2.64,-0.42
-5.58,2.67,-0.41
-5.08,2.53,-0.15
-4.76,2.35,-0.04
-4.40,1.73,-0.12
-3.96,1.18,0.19
-3.73,0.41,0.10
-3.32,-0.04,0.08
-3.25,-0.56,-0.01
-3.00,-0.85,-0.05
-2.84,-1.13,-0.22
-2.61,-1.14,-0.29
-2.48,-1.03,-0.28
-2.55,-0.81,-0.35
-2.54,-0.39,-0.62
-2.61,-0.10,-0.44
-2.81,0.20,-0.54
-2.84,0.60,-0.64
-2.87,0.94,-0.79
-3.04,1.38,-0.72
-3.11,1.67,-1.00
-3.23,1.87,-1.19
-3.35,1.94,-1.34
-3.47,2.12,-1.53
-3.46,1.92,-1.61
-3.59,2.01,-1.87
-3.64,1.87,-2.14
-3.73,2.04,-2.20
-3.83,1.95,-2.31
-3.88,2.07,-2.53
-3.74,1.81,-2.52
-3.85,1.93,-2.59
-3.93,1.80,-2.54
-3.82,1.41,-2.53
-3.86,1.24,-2.53
-3.50,1.15,-2.41
-3.50,0.99,-2.46
-3.15,0.92,-2.30
-2.66,0.06,-2.21
-2.93,0.39,-1.83
-2.94,-0.44,-1.68
-2.61,0.65,-1.54
-2.35,0.57,-1.76
-2.08,0.72,-1.69
-1.73,0.63,-1.91
-1.49,0.84,-1.74
-1.46,1.06,-1.64
-1.33,1.27,-1.66
-1.13,1.32,-1.61
-0.89,1.36,-1.46
-0.89,1.42,-1.55
-0.85,1.53,-1.51
-0.51,1.37,-1.54
-0.45,1.53,-1.67
-0.42,1.56,-1.61
-0.23,1.80,-1.76
-0.03,1.86,-1.77
0.09,1.95,-1.86
0.06,2.10,-1.89
-0.07,2.34,-1.92
-0.27,2.45,-1.86
-0.45,2.45,-1.77
-0.56,2.74,-1.74
-0.60,2.91,-1.74
-0.67,2.98,-1.59
-0.92,3.12,-1.59
-0.82,3.25,-1.53
-1.06,3.06,-1.35
-1.04,2.82,-1.41
-1.28,2.57,-1.25
-1.37,2.30,-1.19
-1.48,1.85,-0.97
-1.51,1.39,-0.97
-1.35,1.13,-0.92
-1.24,0.92,-0.90
-1.14,0.64,-1.02
-1.21,0.54,-1.03
-1.09,0.57,-1.06
-1.04,0.49,-1.16
-1.09,0.41,-1.13
-1.08,0.54,-1.00
-0.92,0.20,-1.06
-0.92,0.35,-0.96
-0.97,-0.02,-1.07
-0.78,-0.25,-0.79
-0.71,-0.59,-0.79
-0.49,-0.98,-0.65
-0.66,-1.42,-0.59
-0.69,-1.52,-0.51
-0.78,-1.79,-0.42
-0.95,-1.93,-0.19
-1.11,-2.11,-0.14
-1.28,-2.00,-0.00
-1.45,-1.53,0.21
-1.45,-1.72,0.28
-1.68,-2.02,0.44
-1.66,-1.74,0.62
-1.82,-1.40,0.53
-1.82,-0.79,0.48
-1.38,-1.00,0.23
-1.35,-0.95,0.13
-1.31,-0.90,0.03
-1.56,-0.65,0.03
-1.65,-0.57,0.01
-1.53,-0.63,0.05
-1.15,-0.84,-0.11
-1.13,-1.03,0.01
-0.85,-1.10,0.04
-0.56,-1.29,0.19
-0.40,-1.61,0.05
-0.20,-1.73,0.12
-0.30,-1.92,-0.06
-0.06,-2.52,-0.14
0.09,-2.96,-0.18
0.23,-3.19,-0.26
0.25,-2.78,-0.44
0.48,-2.69,-0.50
0.53,-2.59,-0.90
0.53,-2.59,-0.96
0.50,-2.35,-1.09
0.27,-2.36,-1.13
0.11,-2.22,-1.34
-0.10,-2.01,-1.45
-0.29,-2.04,-1.51
-0.44,-2.07,-1.50
-0.68,-2.08,-1.59
-0.74,-2.10,-1.56
-0.83,-2.15,-1.56
-0.85,-2.27,-1.40
-0.80,-2.28,-1.29
-1.06,-2.20,-1.34
-0.91,-2.45,-1.27
-1.11,-2.45,-1.09
-1.30,-2.67,-0.97
-1.42,-2.41,-0.93
-1.46,-2.44,-1.11
-1.56,-2.16,-1.16
-1.25,-2.00,-1.08
-1.20,-1.88,-1.11
-1.13,-1.75,-0.96
-1.22,-1.66,-0.89
-1.07,-1.58,-0.82
-1.21,-1.59,-0.55
-1.13,-1.58,-0.56
-1.17,-1.51,-0.43
-1.17,-1.49,-0.25
-1.17,-1.45,-0.33
-1.24,-1.30,-0.11
-1.28,-1.09,-0.02
-1.35,-1.09,0.06
-1.40,-1.10,-0.03
-1.29,-1.03,0.15
-1.27,-1.12,0.25
-1.28,-1.29,0.25
-1.27,-1.26,0.18
-1.39,-1.44,0.21
-1.32,-1.54,0.24
-1.20,-2.02,0.25
-1.32,-2.08,0.27
-1.56,-2.22,0.36
-1.62,-1.86,0.15
-1.79,-1.83,0.19
-1.79,-1.70,-0.07
-1.96,-1.72,-0.08
-2.04,-1.55,-0.03
-2.25,-1.29,-0.19
-2.50,-0.95,0.16
-2.78,-1.02,0.01
-2.70,-0.91,0.07
-3.07,-0.88,0.28
-3.21,-0.95,0.38
-3.63,-1.37,0.62
-3.57,-0.93,0.71
-3.53,-0.87,0.84
-3.49,-0.60,0.82
-3.53,-0.85,0.64
-3.48,-0.92,0.64
-3.50,-1.33,0.81
-3.69,-1.08,0.72
-3.73,-1.21,0.74
-3.58,-1.49,0.68
-3.50,-1.54,0.72
-3.44,-1.48,0.61
-3.21,-1.50,0.58
-3.20,-1.46,0.48
-2.95,-1.34,0.41
-2.85,-1.18,0.35
-2.66,-1.01,0.14
-2.44,-0.79,0.08
-2.35,-0.62,0.15
-2.40,-0.31,0.11
-2.29,-0.16,0.23
-2.13,0.01,0.27
-1.85,-0.05,0.35
-1.88,-0.26,0.47
-1.92,-0.12,0.65
-2.04,-0.13,0.93
-2.18,-0.04,0.90
-2.29,0.00,1.08
-2.30,-0.26,1.11
-2.35,-0.35,1.32
-2.45,-0.56,1.30
-2.59,-0.50,1.44
-2.88,-0.44,1.52
-3.08,-0.23,1.48
-3.42,-0.07,1.30
-3.47,0.12,1.09
-3.64,0.35,0.87
-3.83,0.62,0.78
-3.78,0.77,0.66
-3.63,0.90,0.73
-3.64,0.91,0.72
-3.69,0.95,0.79
-3.80,0.79,0.84
-3.69,0.76,0.89
-3.64,0.80,0.95
-3.36,0.59,1.06
-3.29,0.69,1.01
-3.03,0.64,0.82
-2.83,0.87,0.59
-2.71,0.89,0.58
-2.45,1.09,0.45
-2.42,1.23,0.22
-2.13,1.37,0.17
-2.14,1.52,0.01
-2.02,1.76,-0.05
-1.74,2.00,0.11
-1.41,2.30,0.08
-1.18,2.33,0.10
-0.73,2.49,0.10
-0.67,2.19,0.06
-0.40,2.22,0.39
-0.24,1.98,0.36
-0.36,1.20,0.43
-0.36,0.52,0.65
-0.34,0.71,0.49
-0.50,0.73,0.35
-0.41,1.19,0.08
-0.32,1.42,-0.14
-0.19,1.67,-0.26
-0.42,2.11,-0.32
-0.75,2.80,-0.38
-1.05,3.17,-0.53
-0.97,3.32,-0.35
-1.32,3.81,-0.33
-1.29,4.18,-0.27
-1.30,4.25,-0.48
-0.98,4.12,-0.63
-0.77,3.79,-0.59
-0.71,3.53,-0.61
-0.52,3.27,-0.67
-0.46,3.04,-0.72
-0.39,2.56,-0.77
-0.23,2.16,-0.77
-0.29,1.65,-0.66
-0.26,1.16,-0.55
-0.41,0.59,-0.51
-0.50,0.17,-0.35
-0.54,0.10,-0.34
-0.69,-0.17,-0.27
-0.96,-0.28,-0.56
-1.16,-0.10,-0.51
-1.77,0.03,-0.67
-1.95,0.02,-0.60
-2.12,0.05,-0.64
-2.54,-0.22,-0.50
-2.66,-0.35,-0.44
-3.05,-0.23,-0.45
-3.02,-0.19,-0.52
-3.21,-0.36,-0.61
-3.31,-0.53,-0.61
-3.33,-0.48,-0.55
-3.45,-0.56,-0.37
-3.60,-0.49,-0.25
-3.65,-0.29,-0.07
-3.78,-0.29,0.08
-3.66,-0.16,0.16
-3.60,-0.18,0.05
-3.69,-0.27,0.05
-3.29,-0.26,0.03
-3.05,-0.30,0.20
-3.14,-0.23,0.24
-2.93,-0.18,0.31
-2.69,0.10,0.16
-2.57,0.10,0.19
-2.48,0.21,0.21
-2.31,0.24,0.11
-2.20,0.28,0.19
-2.02,0.41,0.16
-1.77,0.39,0.17
-1.59,0.32,0.14
-1.29,0.49,-0.04
-1.02,0.71,-0.26
-0.91,0.66,-0.49
-0.71,0.64,-0.62
-0.55,0.55,-0.88
-0.54,0.58,-0.99
-0.49,0.45,-1.27
-0.43,0.36,-1.43
-0.48,0.35,-1.38
-0.57,0.33,-1.48
-0.55,0.40,-1.71
-0.48,0.58,-1.86
-0.32,0.60,-1.79
-0.34,0.67,-2.03
-0.49,0.88,-2.05
-0.52,1.05,-2.16
-0.51,1.08,-2.15
-0.60,1.16,-2.03
-0.75,1.41,-2.09
-1.05,1.53,-2.02
-1.16,1.62,-2.11
-1.36,1.94,-2.12
-1.65,1.97,-2.24
-1.85,1.82,-2.14
-1.89,1.98,-1.99
-2.16,2.06,-1.91
-2.15,1.99,-1.78
-2.34,1.87,-1.55
-2.24,1.67,-1.46
-2.19,1.48,-1.27
-2.07,1.38,-0.98
-1.91,1.03,-0.69
-2.04,0.84,-0.39
-1.87,0.64,-0.27
-1.79,0.55,-0.13
-1.64,0.40,-0.14
-1.43,0.21,-0.17
-1.34,0.05,-0.03
-1.28,0.00,-0.03
-1.33,0.04,-0.16
-1.24,-0.02,0.11
-1.34,-0.10,-0.02
-1.17,-0.11,-0.03
-1.25,0.02,0.10
-1.26,-0.01,0.12
-1.25,0.14,0.19
-1.29,0.12,0.25
-1.23,0.27,0.19
-1.37,0.27,0.15
-1.41,0.40,0.15
-1.20,0.52,0.16
-1.21,0.75,0.04
-1.11,0.99,0.04
-0.97,1.23,0.11
-1.00,1.32,-0.17
-0.87,1.38,-0.18
-0.73,1.57,-0.24
-0.90,1.70,-0.28
-0.99,1.69,-0.11
-1.00,1.59,-0.15
-1.11,1.71,-0.04
-1.18,1.65,-0.07
-1.25,1.51,-0.14
-1.21,1.40,-0.05
-1.33,1.26,-0.08
-1.30,1.08,0.09
-1.35,0.87,-0.03
-1.31,0.66,-0.23
-1.38,0.49,-0.35
-1.51,0.32,-0.46
-1.72,0.26,-0.51
-1.72,0.16,-0.52
-1.78,-0.14,-0.54
-1.77,-0.39,-0.54
-1.92,-0.41,-0.61
-1.72,-0.47,-0.51
-1.84,-0.68,-0.58
-1.77,-0.56,-0.60
-1.60,-0.66,-0.80
-1.64,-0.45,-0.87
-1.50,-0.41,-0.97
-1.46,-0.21,-0.98
-1.40,-0.01,-1.00
-1.40,0.34,-1.06
-1.36,0.66,-1.07
-1.39,0.84,-1.10
-1.20,0.98,-1.04
-1.32,1.27,-0.97
-1.24,1.34,-0.83
-0.97,1.43,-0.75
-0.75,1.55,-0.63
-0.48,1.70,-0.46
-0.14,1.66,-0.41
0.19,1.79,-0.31
0.44,1.65,-0.04
0.69,1.66,0.30
0.80,1.58,0.51
1.21,1.59,0.61
1.30,1.67,0.91
1.56,1.72,1.12
1.72,1.90,1.19
1.88,2.21,1.25
2.23,2.72,1.45
2.34,2.98,1.27
2.56,3.49,1.40
2.61,3.90,1.36
2.80,4.24,1.31
2.25,4.77,1.39
1.91,4.76,1.25
2.16,5.34,1.18
2.40,4.35,1.01
2.18,4.66,1.13
1.75,4.22,1.11
1.16,3.86,1.04
0.34,3.22,0.89
-0.06,3.09,0.91
-0.66,2.28,0.73
-1.03,1.93,0.60
-1.46,1.38,0.29
-1.82,1.08,0.18
-2.30,0.61,-0.10
-2.82,0.24,-0.57
-2.99,-0.08,-0.97
-3.38,-0.55,-1.38
-3.70,-0.98,-1.49
-3.98,-1.24,-1.78
-4.17,-1.81,-1.98
-4.29,-2.11,-2.11
-4.43,-2.51,-2.32
-4.49,-2.59,-2.53
-4.49,-2.82,-2.86
-4.65,-2.89,-2.96
-4.54,-2.96,-2.95
-4.65,-2.72,-3.05
-4.52,-2.85,-3.11
-4.31,-2.47,-2.99
-4.17,-2.52,-2.79
-3.96,-2.43,-2.74
-3.75,-2.23,-2.58
-3.55,-1.99,-2.54
-3.15,-1.67,-2.42
-2.85,-1.25,-2.30
-2.47,-0.82,-2.20
-2.05,-0.45,-2.06
-1.72,0.26,-2.12
-1.49,0.90,-2.08
-1.03,1.28,-1.95
-0.63,1.95,-2.13
-0.25,2.45,-2.19
0.11,2.82,-2.06
0.56,3.30,-2.18
1.01,3.64,-2.04
1.29,3.73,-1.90
1.55,3.87,-1.76
1.81,3.89,-1.71
2.03,3.93,-1.61
2.23,4.16,-1.57
2.41,4.12,-1.57
2.34,4.18,-1.43
2.28,4.19,-1.32
1.75,4.78,-1.51
2.11,3.80,-1.33
1.93,3.84,-1.29
1.90,3.39,-1.23
1.46,3.00,-1.07
1.03,2.56,-1.09
0.59,2.00,-0.82
0.04,1.79,-0.76
-0.45,1.49,-0.65
-0.74,1.25,-0.75
-1.05,0.78,-0.69
-1.41,0.45,-0.81
-1.63,0.14,-0.77
-1.89,-0.00,-0.66
-2.59,-0.36,-0.55
-2.84,-0.51,-0.58
-2.95,-0.67,-0.62
-3.60,-0.56,-0.47
-3.69,-0.42,-0.47
-3.83,0.11,-0.49
-4.02,0.60,-0.33
-4.12,1.24,-0.29
-4.16,1.54,-0.14
-4.00,1.85,-0.04
-3.77,2.08,-0.06
-3.62,2.23,-0.08
-3.23,2.29,-0.04
-2.90,2.05,0.01
-2.41,1.96,0.10
-1.95,1.69,0.11
-1.34,1.42,-0.03
-1.00,1.12,-0.07
-0.54,0.72,-0.27
-0.22,0.37,-0.44
-0.05,0.18,-0.60
0.32,-0.18,-0.81
0.44,-0.27,-1.06
0.38,-0.42,-1.32
0.19,-0.42,-1.58
0.11,-0.35,-1.76
-0.28,-0.22,-2.02
-0.68,-0.12,-2.37
-0.95,-0.21,-2.34
-1.46,-0.21,-2.43
-1.93,-0.26,-2.64
-2.43,-0.30,-2.59
-2.88,-0.34,-2.56
-3.15,-0.50,-2.61
-3.49,-0.58,-2.47
-3.77,-0.57,-2.44
-4.03,-0.72,-2.22
-4.28,-0.61,-2.25
-4.57,-0.68,-2.03
-4.72,-0.49,-1.92
-4.89,-0.59,-1.73
-4.99,-0.35,-1.60
-4.88,-0.34,-1.37
-4.78,-0.19,-1.26
-4.83,-0.26,-1.25
-4.37,-0.18,-1.22
-4.42,-0.29,-1.23
-4.04,-0.41,-1.14
-3.77,-0.47,-1.24
-3.38,-0.62,-1.26
-3.02,-0.71,-1.09
-2.65,-0.83,-1.00
-2.36,-1.21,-1.06
-2.21,-1.13,-0.79
-1.86,-1.27,-0.56
-1.64,-1.21,-0.53
-1.42,-1.02,-0.40
-1.25,-0.72,-0.33
-1.13,-0.49,-0.17
-1.01,-0.39,-0.18
-1.00,-0.23,-0.06
-0.86,-0.12,-0.09
-0.99,0.08,-0.03
-1.03,-0.20,0.04
-1.34,-0.21,0.09
-1.37,-0.19,0.14
-1.68,-0.36,0.08
-1.48,-0.39,0.23
-1.63,-0.38,0.05
-1.67,-0.61,-0.09
-1.74,-0.58,0.01
-1.85,-0.75,-0.12
-1.98,-0.85,-0.19
-2.17,-1.13,-0.12
-2.34,-1.22,-0.09
-2.45,-1.35,-0.16
-2.74,-1.43,-0.09
-2.70,-1.36,-0.07
-2.87,-1.33,-0.16
-3.01,-1.03,-0.19
-3.13,-1.08,-0.13
-3.11,-0.85,-0.07
-3.16,-0.76,0.04
-3.13,-0.65,0.15
-3.07,-0.61,0.12
-2.94,-0.69,0.45
-2.70,-0.67,0.48
-2.55,-0.83,0.54
-2.15,-0.80,0.60
-1.71,-0.82,0.57
-1.45,-0.86,0.50
-1.04,-0.77,0.40
-0.66,-0.64,0.55
-0.35,-0.58,0.32
-0.27,-0.47,0.27
-0.09,-0.19,0.28
-0.07,0.03,0.17
-0.15,0.15,0.00
0.01,0.34,-0.09
-0.08,0.47,-0.11
0.09,0.58,-0.18
0.05,0.81,-0.24
-0.07,1.10,-0.21
-0.19,1.16,-0.27
-0.40,1.20,-0.25
-0.50,1.41,-0.19
-0.78,1.43,-0.20
-0.61,1.37,-0.01
-0.83,1.27,-0.09
-0.81,1.05,0.05
-0.61,0.85,-0.02
-0.71,0.57,-0.16
-0.52,0.34,0.03
-0.38,0.08,-0.05
-0.32,-0.04,-0.21
-0.30,-0.29,-0.28
-0.26,-0.24,-0.37
-0.43,-0.24,-0.37
-0.50,-0.02,-0.52
-0.72,0.12,-0.63
-0.95,0.39,-0.66
-1.17,0.62,-0.87
-1.41,0.81,-0.88
-1.64,0.95,-0.80
-1.91,1.22,-0.83
-2.01,1.22,-0.72
-2.31,1.36,-0.52
-2.22,1.36,-0.45
-2.30,1.12,-0.26
-2.45,1.11,-0.22
-2.49,0.79,0.02
-2.43,0.70,0.17
-2.30,0.40,0.32
-2.37,0.42,0.44
-2.34,0.23,0.49
-2.28,0.09,0.63
-2.03,0.09,0.81
-2.05,0.11,0.97
-1.78,0.24,0.84
-1.84,0.50,0.89
-1.81,0.62,0.85
-1.66,0.92,0.96
-1.54,0.95,0.76
-1.38,1.37,0.85
-1.30,1.26,0.77
-1.10,1.48,0.68
-0.97,1.45,0.53
-0.90,1.50,0.37
-0.82,1.30,0.41
-0.80,1.29,0.32
-0.92,1.01,0.26
-0.82,0.68,0.27
-0.89,0.68,0.13
-1.00,0.45,0.06
-1.22,0.20,-0.00
-1.47,0.12,-0.13
-1.63,0.11,-0.22
-1.81,-0.19,-0.34
-2.02,-0.23,-0.51
-2.45,-0.59,-0.65
-2.72,-0.70,-0.82
-3.00,-1.00,-0.89
-3.38,-1.11,-0.94
-3.59,-1.27,-1.16
-3.99,-1.36,-1.20
-3.96,-1.32,-1.34
-4.48,-1.19,-1.36
-4.57,-1.24,-1.49
-4.82,-1.12,-1.59
-4.87,-1.14,-1.54
-5.05,-1.11,-1.44
-5.08,-1.09,-1.24
-5.09,-1.35,-1.28
-4.73,-1.35,-1.23
-4.52,-1.53,-0.98
-3.95,-2.04,-0.95
-3.53,-1.52,-0.66
-3.06,-1.71,-0.66
-2.62,-1.85,-0.42
-2.22,-2.03,-0.22
-1.76,-2.01,-0.02
-1.49,-2.03,0.24
-1.31,-1.79,0.45
-0.79,-1.74,0.52
-0.47,-1.74,0.58
-0.30,-1.52,0.76
0.02,-1.24,0.62
0.23,-1.17,0.57
0.35,-0.98,0.65
0.37,-0.69,0.64
0.50,-0.51,0.69
0.57,-0.39,0.85
0.64,-0.21,0.70
0.47,0.15,0.73
0.68,0.24,0.76
0.48,0.46,0.64
0.68,0.29,0.56
0.60,0.40,0.36
0.51,0.24,0.12
0.45,0.06,0.02
0.25,0.04,-0.16
0.05,-0.04,-0.25
-0.27,-0.22,-0.40
-0.47,-0.61,-0.38
-0.69,-0.73,-0.39
-0.94,-0.84,-0.40
-1.00,-1.29,-0.24
-1.38,-1.61,-0.24
-1.39,-1.76,-0.18
-1.66,-1.88,-0.21
-1.70,-2.13,-0.06
-1.83,-2.25,0.03
-1.91,-2.32,0.14
-1.62,-2.19,0.21
-1.59,-2.24,0.43
-1.68,-2.01,0.54
-1.58,-1.80,0.71
-1.43,-1.65,0.87
-1.27,-1.50,0.92
-1.13,-1.11,0.99
-0.85,-1.09,1.11
-0.80,-0.96,1.07
-0.50,-0.84,1.03
-0.24,-0.79,1.05
-0.21,-0.76,0.99
-0.10,-0.94,1.01
0.10,-1.02,0.85
0.26,-1.06,0.82
0.15,-1.35,0.76
0.30,-1.35,0.65
0.17,-1.43,0.32
0.14,-1.35,0.18
0.21,-1.33,-0.04
0.26,-1.33,-0.24
0.21,-1.13,-0.60
0.00,-1.25,-0.66
-0.11,-1.08,-0.67
-0.13,-0.89,-0.90
-0.29,-0.71,-0.81
-0.43,-0.60,-0.95
-0.43,-0.34,-1.05
-0.63,-0.21,-1.09
-0.83,-0.13,-1.05
-0.72,-0.15,-1.05
-1.05,-0.27,-1.02
-0.98,-0.35,-1.01
-1.14,-0.38,-0.90
-1.42,-0.40,-0.94
-1.52,-0.48,-0.72
-2.03,-0.57,-0.69
-2.18,-0.47,-0.61
-2.55,-0.45,-0.39
-2.72,-0.43,-0.22
-2.71,-0.36,-0.15
-2.74,-0.30,-0.05
-2.65,-0.24,0.18
-2.81,-0.24,0.12
-2.73,-0.39,0.27
-2.73,-0.55,0.32
-2.53,-0.87,0.45
-2.58,-1.17,0.32
-2.47,-1.54,0.50
-2.36,-1.87,0.50
-2.30,-1.90,0.63
-2.25,-2.05,0.55
-2.26,-2.05,0.67
-2.30,-1.98,0.50
-2.58,-1.96,0.65
-2.67,-1.69,0.31
-2.98,-1.63,0.42
-3.11,-1.30,0.32
-3.46,-1.13,0.36
-3.70,-0.90,0.24
-3.72,-0.81,0.23
-3.98,-0.76,0.23
-4.06,-0.77,0.31
-4.02,-0.83,0.38
-4.26,-0.91,0.34
-4.30,-1.38,0.51
-4.45,-1.24,0.51
-4.39,-1.47,0.46
-4.38,-1.37,0.41
-4.20,-1.36,0.32
-4.03,-1.33,0.16
-3.61,-1.18,0.27
-3.66,-1.02,0.02
-3.26,-0.63,-0.11
-3.03,-0.57,0.05
-2.87,-0.29,-0.03
-2.54,-0.24,-0.20
-2.37,-0.08,-0.05
-2.26,0.11,0.01
-2.11,0.13,-0.06
-1.94,0.23,-0.01
-1.90,0.37,0.04
-1.74,0.29,0.14
-1.67,0.41,-0.06
-1.52,0.53,-0.31
-1.53,0.69,-0.32
-1.57,0.88,-0.52
-1.59,0.98,-0.59
-1.62,1.17,-0.79
-1.87,1.23,-0.73
-2.25,1.28,-0.70
-2.30,1.35,-0.61
-2.56,1.32,-0.74
-2.59,1.19,-0.51
-2.75,0.95,-0.32
-2.56,0.60,-0.26
-2.59,0.32,-0.18
-2.62,-0.04,-0.22
-2.48,-0.54,-0.14
-2.49,-0.98,-0.16
-2.34,-1.22,-0.08
-2.38,-1.68,-0.22
-2.21,-1.70,-0.31
-2.28,-1.68,-0.27
-2.38,-1.52,-0.26
-2.27,-1.07,-0.30
-2.39,-0.69,-0.40
-2.49,-0.23,-0.50
-2.34,0.13,-0.48
-2.69,0.55,-0.45
-2.71,0.78,-0.26
-2.67,0.90,-0.35
-2.75,0.79,-0.25
-2.62,0.49,-0.05
-2.62,0.32,0.00
-2.51,0.05,-0.01
-2.43,-0.15,0.12
-2.37,-0.61,0.18
-2.33,-0.67,0.11
-2.19,-0.82,-0.03
-2.25,-0.75,0.05
-2.14,-0.82,-0.13
-2.08,-0.81,-0.29
-2.16,-0.66,-0.40
-2.01,-0.68,-0.45
-2.10,-0.49,-0.49
-1.80,-0.41,-0.66
-1.78,-0.30,-0.54
-1.36,-0.32,-0.64
-1.58,-0.21,-0.48
-1.45,-0.35,-0.45
-1.19,-0.37,-0.41
-1.15,-0.39,-0.43
-1.21,-0.36,-0.43
-1.26,-0.32,-0.34
-1.27,-0.08,-0.47
-1.32,-0.16,-0.34
-1.33,-0.16,-0.28
-1.60,-0.45,0.00
-1.65,-0.50,-0.11
-1.59,-0.58,0.13
-1.75,-0.34,-0.09
-1.62,-0.18,-0.26
-1.40,-0.44,-0.53
-1.18,-0.48,-0.55
-1.25,-0.63,-0.61
-1.51,-0.40,-0.53
-1.47,-0.31,-0.44
-1.36,-0.27,-0.51
-1.50,-0.44,-0.58
-1.63,-0.48,-0.49
-1.52,-0.35,-0.34
-1.67,-0.47,-0.44
-1.86,-0.57,-0.32
-1.93,-0.39,-0.35
-1.98,-0.26,-0.38
-2.04,-0.11,-0.47
-2.27,-0.25,-0.46
-2.38,-0.05,-0.31
-2.22,-0.06,-0.24
-2.39,-0.17,-0.27
-2.37,-0.33,-0.19
-2.38,-0.37,0.16
-2.42,-0.66,0.10
-2.48,-0.82,0.26
-2.35,-0.99,0.30
-2.37,-1.11,0.23
-2.23,-1.26,0.21
-2.12,-1.15,0.21
-1.95,-1.06,-0.03
-1.89,-0.95,-0.16
-1.74,-1.06,-0.31
-1.80,-0.93,-0.36
-1.84,-0.94,-0.32
-1.77,-0.76,-0.40
-1.59,-0.71,-0.40
-1.47,-0.67,-0.46
-1.51,-0.47,-0.49
-1.38,-0.23,-0.47
-1.49,0.03,-0.45
-1.35,0.32,-0.45
-1.21,0.45,-0.31
-1.38,0.56,-0.29
-1.29,0.79,-0.21
-1.24,1.03,-0.17
-1.36,0.97,-0.09
-1.25,1.34,-0.18
-1.12,1.43,-0.37
-1.00,1.58,-0.34
-0.81,1.61,-0.36
-0.72,1.55,-0.43
-0.69,1.53,-0.45
-0.56,1.33,-0.58
-0.35,1.07,-0.46
-0.39,0.90,-0.42
-0.34,0.75,-0.39
-0.30,0.46,-0.37
-0.27,0.33,-0.44
-0.32,0.37,-0.53
-0.35,0.41,-0.53
-0.48,0.35,-0.51
-0.61,0.46,-0.62
-0.80,0.62,-0.62
-1.23,0.68,-0.61
-1.44,0.94,-0.52
-1.78,0.96,-0.53
-1.77,1.04,-0.41
-2.03,1.27,-0.42
-2.11,1.17,-0.40
-2.23,1.19,-0.24
-2.42,1.22,-0.27
-2.38,0.99,-0.39
-2.37,1.08,-0.20
-2.29,0.92,-0.20
-2.29,0.83,0.00
-2.11,0.72,0.08
-1.82,0.56,0.13
-1.72,0.57,0.28
-1.47,0.28,0.26
-1.07,0.26,0.45
-1.09,0.19,0.49
-0.97,0.00,0.52
-0.90,0.02,0.52
-0.79,0.08,0.31
-0.67,0.07,0.31
-0.55,-0.07,0.28
-0.39,-0.02,0.32
-0.36,-0.10,0.12
-0.41,-0.11,0.12
-0.47,-0.21,-0.11
-0.45,-0.27,-0.15
-0.56,-0.32,-0.31
-0.71,-0.46,-0.32
-0.76,-0.37,-0.38
-1.01,-0.32,-0.36
-0.98,-0.31,-0.39
-1.20,-0.21,-0.51
-1.43,-0.10,-0.52
-1.55,-0.17,-0.44
-1.71,-0.17,-0.53
-1.90,-0.28,-0.61
-2.27,-0.28,-0.48
-2.38,-0.19,-0.44
-2.60,-0.25,-0.27
-2.75,-0.18,-0.30
-2.78,-0.33,-0.03
-2.98,-0.27,0.10
-3.04,-0.45,0.18
-3.11,-0.48,0.22
-3.27,-0.56,0.59
-3.23,-0.57,0.55
-3.21,-0.63,0.62
-3.13,-0.69,0.55
-3.10,-0.80,0.78
-3.06,-0.82,0.67
-3.03,-0.81,0.53
-2.92,-0.93,0.61
-2.98,-0.83,0.55
-2.76,-0.77,0.53
-2.83,-0.80,0.35
-2.78,-0.82,0.47
-2.67,-0.72,0.58
-2.64,-0.77,0.54
-2.81,-0.69,0.76
-2.83,-0.58,0.93
-3.02,-0.40,1.11
-3.16,-0.26,1.17
-3.33,-0.19,1.28
-3.40,-0.13,1.28
-3.74,-0.23,1.29
-3.60,-0.34,1.32
-3.83,-0.65,1.29
-3.91,-0.71,1.35
-3.72,-0.95,1.19
-3.66,-1.09,1.18
-3.48,-1.29,1.13
-3.26,-1.28,0.99
-3.21,-1.24,0.91
-3.00,-1.15,0.75
-2.85,-0.94,0.37
-2.70,-0.60,0.40
-2.41,-0.29,0.31
-2.27,-0.05,0.19
-2.26,0.40,0.32
-1.97,0.66,-0.00
-1.87,0.95,-0.04
-1.40,1.25,-0.01
-1.36,1.17,0.01
-1.21,1.18,-0.18
-1.03,1.22,-0.13
-1.13,1.16,-0.19
-0.93,1.07,-0.14
-1.01,1.03,-0.40
-1.05,1.07,-0.25
-1.05,1.03,-0.25
-1.02,0.98,-0.05
-1.24,0.90,-0.09
-1.29,0.88,-0.11
-1.34,0.80,-0.04
-1.55,0.81,0.04
-1.54,0.67,0.18
-1.83,0.50,0.25
-1.86,0.31,0.13
-1.72,0.47,0.15
-1.98,0.29,0.11
-2.02,0.35,0.11
-2.14,0.21,0.16
-2.22,0.35,0.13
-2.30,0.25,0.08
-2.54,0.02,0.23
-2.56,-0.05,0.19
-2.53,-0.13,0.26
-2.50,-0.35,0.41
-2.60,-0.63,0.23
-2.54,-0.77,0.32
-2.44,-1.05,0.15
-2.57,-1.35,0.29
-2.53,-1.38,0.26
-2.63,-1.58,0.23
-2.74,-1.56,0.19
-2.69,-1.66,0.22
-2.66,-1.64,0.26
-2.81,-1.69,0.24
-2.71,-1.64,0.36
-2.82,-1.66,0.41
-2.75,-1.64,0.41
-2.80,-1.49,0.50
-2.77,-1.42,0.53
-2.79,-1.37,0.59
-2.99,-1.16,0.47
-2.93,-0.99,0.51
-2.99,-0.75,0.39
-2.92,-0.54,0.29
-3.00,-0.24,0.40
-2.82,-0.22,0.41
-2.85,0.17,0.27
-2.61,0.15,0.60
-2.77,0.10,0.58
-2.48,0.08,0.64
-2.09,0.09,0.74
-1.94,-0.00,0.54
-1.67,0.00,0.53
-1.53,-0.04,0.39
-1.27,-0.06,0.41
-1.15,-0.19,0.42
-1.09,-0.29,0.40
-0.88,-0.66,0.48
-0.83,-0.79,0.47
-0.81,-0.85,0.42
-0.59,-1.12,0.26
-0.50,-1.22,0.20
-0.45,-1.19,0.05
-0.43,-1.04,-0.05
-0.41,-0.74,-0.29
-0.44,-0.41,-0.34
-0.64,-0.15,-0.48
-0.82,0.10,-0.50
-0.93,0.31,-0.55
-1.28,0.59,-0.46
-1.44,0.76,-0.45
-1.77,0.89,-0.43
-1.93,0.99,-0.57
-2.09,1.05,-0.43
-2.07,1.00,-0.61
-2.10,0.94,-0.62
-2.22,0.74,-0.58
-2.10,0.72,-0.44
-2.20,0.46,-0.56
-2.18,0.17,-0.58
-1.96,0.05,-0.41
-1.88,-0.09,-0.25
-1.80,-0.13,-0.14
-1.66,-0.16,0.03
-1.43,-0.13,0.14
-1.24,-0.20,0.42
-0.99,-0.34,0.40
-0.93,-0.45,0.43
-0.91,-0.71,0.56
-0.76,-0.80,0.42
-0.67,-0.96,0.36
-0.75,-1.04,0.13
-0.73,-1.00,0.10
-0.69,-0.92,-0.02
-0.68,-0.85,-0.23
-0.79,-0.75,-0.34
-0.93,-0.48,-0.50
-1.05,-0.37,-0.51
-1.14,-0.37,-0.64
-1.23,-0.17,-0.57
-1.44,-0.24,-0.45
-1.51,-0.22,-0.43
-1.64,-0.30,-0.42
-1.98,-0.44,-0.39
-2.07,-0.30,-0.46
-2.27,-0.40,-0.55
-2.38,-0.37,-0.60
-2.73,-0.35,-0.56
-2.96,-0.37,-0.55
-3.09,-0.35,-0.55
-3.11,-0.47,-0.43
-3.35,-0.38,-0.30
-3.27,-0.40,-0.32
-3.38,-0.63,-0.15
-3.26,-0.68,-0.06
-3.37,-0.79,0.14
-3.30,-0.83,0.26
-3.22,-0.68,0.37
-3.23,-0.72,0.55
-2.94,-0.73,0.64
-2.64,-0.65,0.78
-2.48,-0.58,0.72
-2.31,-0.63,0.77
-2.09,-0.56,0.90
-2.01,-0.70,0.89
-1.85,-0.43,0.78
-1.69,-0.40,0.89
-1.69,-0.31,0.80
-1.61,-0.41,0.81
-1.52,-0.45,0.83
-1.68,-0.49,0.60
-1.67,-0.58,0.48
-1.60,-0.56,0.25
-1.64,-0.61,0.10
-1.49,-0.50,-0.08
-1.46,-0.51,-0.18
-1.45,-0.43,-0.46
-1.63,-0.22,-0.39
-1.62,-0.13,-0.65
-1.70,0.16,-0.53
-1.72,0.39,-0.71
-1.68,0.51,-0.74
-1.75,0.79,-0.84
-1.63,0.97,-0.98
-1.64,1.15,-0.94
-1.75,1.14,-0.99
-1.60,1.26,-0.94
-1.31,1.38,-1.06
-1.40,1.30,-1.01
-1.23,1.01,-0.88
-1.11,0.89,-0.76
-0.99,0.68,-0.60
-0.79,0.35,-0.41
-0.76,0.15,-0.42
-0.58,0.01,-0.29
-0.54,-0.29,-0.19
-0.67,-0.49,-0.29
-0.42,-0.71,-0.30
-0.58,-0.73,-0.42
-0.71,-1.02,-0.43
-0.93,-0.99,-0.37
-1.07,-1.12,-0.43
-1.16,-1.05,-0.53
-1.50,-1.01,-0.60
-1.34,-1.00,-0.55
-1.53,-1.13,-0.77
-1.57,-1.15,-0.93
-1.48,-1.09,-1.17
-1.52,-0.80,-1.13
-1.34,-0.71,-1.26
-1.23,-0.41,-1.39
-1.17,-0.27,-1.60
-0.99,-0.05,-1.66
-0.79,0.15,-1.64
-0.61,0.47,-1.66
-0.31,0.78,-1.82
0.02,0.85,-1.86
0.09,1.31,-1.89
0.45,1.44,-1.86
0.66,1.43,-2.01
0.79,1.68,-1.97
1.21,1.82,-1.92
1.13,1.97,-1.88
1.24,1.96,-1.94
1.38,2.15,-1.88
1.18,2.31,-1.85
1.12,2.41,-1.76
0.92,2.47,-1.74
0.75,2.45,-1.63
0.72,2.49,-1.56
0.35,2.48,-1.37
-0.03,2.32,-1.29
-0.65,2.19,-1.09
-0.88,1.98,-0.83
-1.14,1.63,-0.69
-1.25,1.14,-0.39
-1.13,0.99,-0.42
-1.52,0.69,-0.31
-1.53,0.53,-0.31
-1.79,0.31,-0.24
-1.90,0.40,-0.19
-2.03,0.27,-0.28
-2.23,0.21,-0.39
-2.24,0.26,-0.37
-2.49,0.17,-0.39
-2.41,0.16,-0.43
-2.58,0.14,-0.47
-2.58,0.06,-0.64
-2.45,0.02,-0.57
-2.27,-0.11,-0.46
-2.20,-0.15,-0.42
-2.07,-0.50,-0.44
-2.03,-0.66,-0.28
-1.82,-0.87,-0.12
-1.91,-1.11,-0.14
-1.85,-1.19,0.01
-1.74,-1.34,-0.04
-1.70,-1.18,0.03
-1.59,-1.13,-0.09
-1.43,-0.91,-0.08
-1.36,-0.65,-0.18
-1.35,-0.37,-0.29
-1.22,-0.08,-0.51
-1.36,0.14,-0.89
-1.15,0.47,-1.03
-1.05,0.55,-1.12
-0.99,0.61,-1.38
-0.96,0.74,-1.32
-0.83,0.88,-1.41
-0.70,0.99,-1.28
-0.55,1.01,-1.35
-0.49,1.01,-1.38
-0.48,1.08,-1.27
-0.56,1.00,-1.26
-0.64,0.87,-1.20
-0.60,0.74,-1.06
-0.69,0.56,-0.97
-0.59,0.55,-1.06
-0.67,0.54,-1.07
-0.77,0.43,-1.07
-0.87,0.24,-1.06
-0.92,0.02,-1.02
-0.96,-0.30,-1.07
-0.95,-0.41,-1.06
-1.24,-0.71,-1.09
-1.18,-0.85,-0.93
-1.26,-0.95,-0.94
-1.35,-1.14,-0.95
-1.40,-0.96,-1.02
-1.40,-0.97,-1.00
-1.32,-1.08,-0.95
-1.44,-0.86,-1.01
-1.40,-0.82,-0.97
-1.47,-0.68,-0.90
-1.71,-0.56,-0.96
-1.72,-0.45,-0.97
-1.83,-0.27,-1.06
-1.88,0.02,-0.95
-1.86,0.25,-0.71
-2.08,0.45,-0.75
-1.96,0.41,-0.57
-1.96,0.47,-0.48
-2.04,0.40,-0.32
-2.10,0.26,-0.20
-1.92,0.09,-0.16
-1.71,-0.26,0.05
-1.53,-0.50,0.01
-1.44,-0.72,-0.12
-1.22,-0.77,0.12
-1.13,-0.75,0.03
-1.08,-0.82,0.11
-1.00,-0.92,0.11
-1.01,-0.73,0.23
-1.06,-0.65,0.32
-1.10,-0.49,0.28
-1.30,-0.56,0.35
-1.45,-0.55,0.28
-1.67,-0.34,0.32
-1.73,-0.32,0.18
-1.83,-0.09,0.07
-1.80,-0.11,0.03
-1.78,-0.20,-0.08
-1.88,-0.20,0.02
-1.96,-0.31,0.01
-2.06,-0.37,-0.10
-2.29,-0.36,-0.06
-2.21,-0.41,0.04
-2.14,-0.26,0.11
-2.19,-0.19,0.10
-1.96,-0.05,0.09
-1.89,0.12,0.15
-1.82,0.11,0.05
-1.63,0.28,0.07
-1.42,0.35,0.02
-1.42,0.19,0.12
-1.11,-0.29,0.10
-1.00,-0.66,0.24
-0.63,-1.02,0.31
-0.66,-1.16,0.31
-0.51,-1.36,0.30
-0.49,-1.29,0.35
-0.36,-1.15,0.34
-0.60,-1.10,0.27
-0.61,-0.92,0.34
-0.87,-0.87,0.18
-1.05,-0.80,0.32
-1.27,-0.60,0.24
-1.35,-0.37,0.27
-1.57,-0.22,0.30
-1.76,0.02,0.23
-1.86,0.18,0.33
-2.04,0.14,0.47
-2.27,0.09,0.48
-2.46,0.08,0.48
-2.41,0.01,0.53
-2.33,0.05,0.55
-2.44,-0.14,0.54
-2.27,-0.20,0.56
-2.08,-0.34,0.68
-1.90,-0.54,0.52
-1.69,-0.82,0.53
-1.64,-0.87,0.61
-1.38,-0.95,0.43
-1.26,-1.00,0.39
-1.15,-1.00,0.50
-0.93,-0.92,0.34
-0.90,-0.90,0.45
-0.89,-0.74,0.59
-0.96,-0.61,0.49
-1.03,-0.34,0.47
-0.97,0.04,0.46
-0.93,0.39,0.56
-0.94,0.64,0.64
-0.90,0.72,0.84
-1.13,0.94,0.97
-1.04,1.03,1.06
-1.16,1.01,1.14
-1.11,1.17,1.28
-1.14,1.16,1.40
-1.22,1.00,1.47
-1.23,0.92,1.43
-1.05,0.87,1.43
-0.93,0.82,1.32
-0.79,0.81,1.36
-0.71,0.88,1.47
-0.64,0.79,1.49
-0.72,0.74,1.59
-0.71,0.56,1.56
-0.71,0.48,1.44
-0.45,0.53,1.47
-0.42,0.54,1.55
-0.34,0.49,1.49
-0.09,0.49,1.52
0.27,0.47,1.55
0.29,0.48,1.65
0.31,0.22,1.73
0.67,0.09,1.83
0.85,0.07,1.83
0.97,0.08,1.82
0.99,0.10,1.88
1.01,0.30,1.84
0.93,0.49,1.75
1.05,0.67,1.68
1.01,0.88,1.85
0.86,1.13,1.84
0.84,1.48,1.83
0.88,1.52,1.72
0.99,1.75,1.72
0.99,1.91,1.52
1.29,2.04,1.28
1.52,2.34,1.03
1.47,2.55,1.01
1.91,2.66,0.81
2.11,2.67,0.68
2.18,2.59,0.75
2.40,2.45,0.58
2.48,2.19,0.48
2.50,1.99,0.38
2.74,1.72,0.28
2.62,1.45,0.13
2.75,1.35,-0.22
2.74,1.22,-0.47
2.84,1.22,-0.53
2.91,1.22,-0.53
2.69,1.46,-0.70
2.62,1.75,-0.91
2.19,2.06,-1.18
2.03,2.64,-1.30
1.64,3.09,-1.55
1.39,3.51,-1.69
1.02,4.04,-1.64
0.80,4.51,-1.81
0.80,4.67,-1.80
0.71,4.74,-1.77
0.74,4.63,-1.75
0.55,4.47,-1.60
0.61,4.29,-1.67
0.53,3.93,-1.63
0.40,3.59,-1.53
0.28,3.45,-1.39
0.39,3.15,-1.32
0.19,3.11,-1.29
0.12,3.07,-1.24
0.18,3.01,-1.43
0.16,2.96,-1.18
0.24,2.98,-1.07
0.32,2.83,-0.99
0.49,2.87,-0.83
0.61,2.93,-0.75
0.76,2.91,-0.57
0.79,2.79,-0.32
0.93,2.64,-0.05
1.00,2.49,0.16
1.26,2.31,0.16
1.21,2.04,0.28
1.34,1.95,0.28
1.12,1.96,0.14
1.15,1.87,0.11
0.93,1.87,0.26
0.59,1.82,0.23
0.49,1.85,0.11
0.46,1.92,0.08
0.24,1.87,0.00
0.36,1.72,-0.11
0.23,1.66,-0.13
-0.02,1.52,-0.29
-0.35,1.35,-0.32
-0.61,1.24,-0.39
-0.93,1.20,-0.60
-1.45,1.44,-0.82
-1.61,1.66,-0.79
-1.80,2.03,-1.05
-2.02,2.32,-1.37
-2.12,2.78,-1.43
-2.13,3.06,-1.54
-2.34,3.44,-1.52
-2.34,3.72,-1.77
-2.24,3.97,-1.95
-2.34,4.15,-2.19
-2.33,4.44,-2.24
-2.29,4.45,-2.40
-2.34,4.45,-2.34
-2.38,4.26,-2.32
-2.14,3.99,-2.20
-2.03,3.67,-2.24
-1.87,2.99,-2.06
-1.72,2.76,-2.11
-1.67,2.50,-2.15
-1.76,2.07,-1.98
-1.62,1.88,-1.77
-1.66,1.53,-1.59
-1.53,1.08,-1.39
-1.69,0.79,-1.12
-1.67,0.53,-0.91
-1.79,0.05,-0.75
-1.76,-0.40,-0.48
-1.98,-0.52,-0.30
-1.98,-0.80,-0.16
-2.11,-0.99,-0.02
-2.40,-0.96,0.10
-2.51,-0.76,0.17
-2.85,-0.72,0.36
-3.16,-0.69,0.39
-3.51,-0.38,0.42
-3.80,-0.35,0.35
-3.99,-0.21,0.55
-4.25,-0.40,0.69
-4.32,-0.45,0.91
-4.43,-0.66,0.85
-4.56,-0.81,1.01
-4.46,-0.98,1.01
-4.41,-1.03,1.02
-4.20,-1.17,0.93
-3.93,-1.13,1.00
-3.43,-0.95,0.98
-3.22,-1.13,0.90
-2.87,-1.26,1.04
-2.65,-1.19,0.87
-2.35,-1.14,1.00
-2.11,-1.24,0.82
-1.90,-1.34,0.47
-1.54,-1.18,0.24
-1.15,-0.93,-0.08
-1.03,-0.60,-0.28
-0.81,-0.32,-0.67
-0.74,0.01,-0.84
-0.65,0.20,-1.08
-0.84,0.58,-1.10
-0.89,0.66,-1.17
-1.07,0.56,-1.11
-1.22,0.51,-0.92
-1.43,0.18,-0.89
-1.42,0.01,-0.91
-1.25,-0.23,-0.59
-1.19,-0.45,-0.64
-1.18,-0.76,-0.54
-1.00,-1.04,-0.33
-1.21,-1.18,-0.41
-1.03,-1.24,-0.34
-1.09,-1.46,-0.24
-1.18,-1.38,-0.18
-1.21,-1.33,0.04
-1.27,-1.33,-0.02
-1.21,-1.25,0.04
-1.29,-1.04,0.13
-1.17,-1.01,0.16
-1.11,-0.88,0.10
-1.00,-1.00,0.04
-0.85,-1.01,0.06
-0.86,-1.11,-0.02
-0.97,-1.16,-0.08
-0.92,-1.22,-0.12
-0.87,-1.02,-0.10
-0.70,-0.74,-0.25
-0.60,-0.42,-0.36
-0.61,-0.16,-0.22
-0.40,0.04,-0.24
-0.59,0.10,-0.17
-0.46,0.27,-0.19
-0.23,0.13,-0.00
-0.46,0.04,-0.05
-0.33,-0.09,0.05
-0.28,-0.47,0.21
0.05,-0.60,0.35
-0.04,-0.94,0.30
0.12,-1.08,0.46
0.32,-1.08,0.50
0.43,-0.70,0.29
0.55,-0.46,0.23
0.49,0.03,0.03
0.38,0.45,0.06
-0.17,0.79,-0.05
-0.56,1.12,0.21
-0.85,1.39,0.44
-0.97,1.12,0.71
-0.88,1.06,1.03
-0.69,0.78,1.00
-0.76,0.29,1.21
-0.58,-0.24,1.08
-0.79,-0.62,0.98
-0.77,-1.08,1.10
-0.85,-1.39,1.01
-0.75,-1.62,1.18
-0.79,-1.63,0.98
-0.62,-1.57,0.89
-0.43,-1.33,0.53
-0.34,-1.05,0.48
-0.39,-0.79,0.37
-0.41,-0.32,0.12
-0.44,-0.02,-0.08
-0.39,0.18,-0.13
-0.21,0.34,-0.35
-0.10,0.60,-0.37
-0.23,0.43,-0.53
-0.17,0.43,-0.47
-0.22,0.25,-0.50
-0.11,0.18,-0.26
-0.23,0.11,-0.38
-0.24,-0.00,-0.40
-0.10,0.02,-0.29
-0.27,0.05,-0.23
-0.36,0.40,-0.32
-0.65,0.32,-0.34
-0.72,0.75,-0.42
-0.81,0.77,-0.45
-0.94,0.90,-0.61
-1.12,0.99,-0.71
-1.14,1.00,-0.55
-1.47,0.97,-0.60
-1.48,0.87,-0.61
-1.63,0.79,-0.52
-1.62,0.33,-0.37
-1.79,0.03,-0.37
-1.87,-0.29,-0.23
-1.87,-0.86,-0.21
-1.93,-1.05,-0.11
-2.12,-1.35,-0.16
-2.21,-1.27,-0.23
-2.45,-1.20,-0.21
-2.51,-1.07,-0.27
-2.75,-0.74,-0.12
-2.87,-0.69,0.25
-2.99,-0.48,0.32
-3.05,-0.19,0.39
-3.09,-0.07,0.64
-2.93,-0.28,0.87
-3.08,-0.55,0.93
-2.94,-0.90,0.91
-2.78,-1.14,0.84
-2.54,-1.29,0.84
-2.21,-1.44,0.85
-1.79,-1.43,0.79
-1.61,-1.53,0.86
-1.28,-1.56,1.07
-1.24,-1.42,1.01
-1.11,-1.43,1.03
-1.05,-1.25,0.85
-0.89,-0.95,0.85
-1.05,-0.51,0.49
-1.13,0.05,0.25
-1.22,0.55,-0.02
-1.35,1.05,-0.23
-1.34,1.80,-0.37
-1.48,2.24,-0.39
-1.68,2.56,-0.42
-1.88,2.57,-0.45
-2.15,2.58,-0.45
-2.35,2.64,-0.43
-2.37,2.47,-0.61
-2.55,2.32,-0.83
-2.60,2.08,-0.73
-2.74,1.87,-0.74
-2.90,1.46,-0.53
-2.88,1.09,-0.55
-2.99,0.79,-0.38
-3.03,0.26,-0.32
-3.07,-0.24,-0.24
-3.12,-0.44,-0.18
-2.93,-0.70,-0.18
-2.86,-0.69,-0.24
-3.04,-0.68,-0.28
-2.95,-0.43,-0.46
-3.07,-0.32,-0.68
-3.16,-0.21,-0.86
-3.10,0.31,-1.17
-2.93,0.67,-1.46
-2.84,1.22,-1.59
-3.15,1.33,-1.75
-2.95,1.69,-1.98
-2.82,1.84,-2.06
-2.18,1.87,-2.06
-1.73,2.23,-1.96
-1.54,2.34,-1.81
-1.34,2.44,-1.64
-1.34,2.37,-1.62
-1.13,2.24,-1.44
-1.02,2.28,-1.60
-0.91,2.13,-1.47
-0.92,1.95,-1.28
-1.05,1.69,-1.19
-0.80,1.29,-0.83
-0.91,0.95,-0.53
-0.60,0.36,-0.40
-0.79,0.02,-0.21
-0.68,-0.37,0.02
-0.67,-0.75,0.04
-0.61,-1.29,0.21
-0.47,-1.56,0.31
-0.39,-1.71,0.43
-0.56,-1.62,0.27
-0.43,-1.34,0.30
-0.86,-1.14,0.12
-0.75,-0.84,-0.10
-1.13,-0.52,-0.03
-1.31,-0.43,-0.03
-1.49,-0.40,0.26
-1.55,-0.60,0.24
-1.54,-0.90,0.49
-1.42,-1.40,0.60
-1.32,-1.64,0.58
-1.09,-1.95,0.43
-0.67,-2.31,0.51
-0.58,-2.58,0.31
-0.34,-2.85,0.26
-0.39,-3.06,0.26
-0.51,-3.06,0.22
-0.38,-3.14,0.02
-0.60,-2.98,-0.01
-0.50,-2.62,-0.21
-0.55,-2.28,-0.46
-0.62,-1.84,-0.54
-0.56,-1.33,-1.01
-0.60,-0.92,-1.16
-0.64,-0.56,-1.27
-0.80,-0.32,-1.42
-0.98,0.10,-1.39
-1.08,0.50,-1.30
-1.26,0.68,-1.31
-1.10,1.04,-1.38
-1.22,1.37,-1.39
-1.22,1.55,-1.44
-1.11,1.83,-1.43
-1.18,1.83,-1.35
-1.14,1.88,-1.33
-1.13,1.74,-1.46
-1.15,1.63,-1.16
-1.24,1.29,-0.84
-1.45,1.06,-0.66
-1.23,0.66,-0.39
-1.33,0.28,-0.28
-1.16,0.00,-0.20
-1.32,-0.32,-0.21
-1.27,-0.50,-0.22
-1.34,-0.53,-0.33
-1.43,-0.71,-0.41
-1.48,-0.69,-0.53
-1.56,-0.72,-0.64
-1.66,-0.46,-0.80
-1.82,-0.38,-0.97
-1.88,-0.23,-1.05
-1.99,-0.03,-1.12
-2.14,0.13,-1.10
-2.10,0.44,-1.09
-2.22,0.44,-1.09
-2.39,0.56,-1.21
-2.24,0.72,-1.32
-2.50,0.87,-1.37
-2.67,1.01,-1.38
-2.80,0.89,-1.40
-2.99,0.69,-1.36
-3.10,0.31,-1.31
-3.11,-0.16,-1.15
-3.08,-0.72,-1.19
-3.22,-1.13,-1.06
-3.26,-1.56,-1.02
-3.32,-1.79,-0.92
-3.28,-2.15,-0.88
-3.26,-2.02,-1.06
-3.29,-2.10,-1.03
-3.46,-1.83,-1.00
-3.61,-1.60,-0.97
-3.82,-1.60,-1.17
-3.71,-1.25,-1.09
-4.01,-1.14,-1.07
-4.05,-0.66,-1.28
-4.26,-0.56,-1.18
-4.36,-0.36,-1.22
-4.38,-0.05,-1.16
-4.59,0.10,-1.27
-4.61,0.18,-0.97
-4.57,0.33,-1.07
-4.43,0.36,-0.93
-4.28,0.22,-0.80
-4.07,0.08,-0.48
-3.91,-0.20,-0.57
-3.58,-0.48,-0.31
-3.33,-0.82,-0.19
-3.05,-1.33,-0.10
-2.99,-1.60,-0.12
-2.53,-1.85,-0.08
-2.36,-1.70,-0.09
-2.02,-1.69,-0.13
-1.94,-1.62,-0.35
-1.98,-1.31,-0.30
-1.85,-0.93,-0.37
-1.90,-0.68,-0.43
-2.00,-0.40,-0.58
-2.06,-0.19,-0.60
-2.19,0.06,-0.68
-2.29,0.06,-0.59
-2.51,0.15,-0.65
-2.54,0.08,-0.71
-2.42,0.12,-0.59
-2.36,0.44,-0.51
-2.70,0.20,-0.58
-3.03,-0.24,-0.56
-3.22,-0.89,-0.66
-3.25,-1.17,-0.59
-3.37,-1.40,-0.68
-3.14,-1.48,-0.79
-2.93,-1.48,-0.80
-2.88,-1.11,-0.98
-2.97,-0.94,-1.05
-2.91,-0.64,-1.14
-2.92,-0.46,-1.12
-2.83,-0.31,-1.24
-3.08,-0.36,-1.28
-2.99,-0.42,-1.21
-2.94,-0.47,-1.14
-2.87,-0.44,-1.32
-2.99,-0.72,-0.99
-2.93,-0.90,-1.14
-2.74,-1.22,-0.98
-2.95,-1.70,-0.98
-2.89,-2.25,-0.79
-2.98,-2.62,-0.82
-3.05,-2.72,-0.76
-3.03,-2.97,-0.92
-3.12,-2.89,-0.89
-3.14,-2.68,-1.14
-3.28,-2.31,-1.17
-3.44,-1.87,-1.31
-3.44,-1.29,-1.36
-3.50,-0.99,-1.37
-3.51,-0.64,-1.32
-3.74,-0.23,-1.42
-3.70,0.19,-1.55
-3.70,0.54,-1.57
-3.80,0.75,-1.81
-3.61,1.09,-1.92
-3.56,1.01,-2.06
-3.30,1.14,-2.18
-3.37,1.04,-2.43
-3.55,0.93,-2.46
-3.63,0.77,-2.56
-3.62,0.63,-2.74
-3.60,0.42,-2.85
-3.40,0.27,-2.92
-3.34,0.14,-2.83
-3.38,-0.11,-2.85
-3.10,-0.17,-2.91
-3.11,-0.11,-2.72
-3.14,-0.10,-2.73
-3.10,0.09,-2.98
-3.04,0.19,-2.74
-3.09,0.34,-2.62
-3.11,0.38,-2.48
-3.09,0.50,-2.51
-3.41,0.67,-2.49
-3.38,0.79,-2.37
-3.53,0.89,-2.06
-3.30,0.85,-1.85
-3.33,0.80,-1.64
-3.31,0.61,-1.26
-3.23,0.17,-1.01
-3.21,0.03,-0.67
-3.14,0.24,-0.39
-3.13,1.08,-0.46
-2.98,1.46,-0.59
-2.40,1.39,-0.79
-1.99,1.32,-0.66
-1.90,1.53,-0.60
-1.91,1.77,-0.55
-1.71,1.89,-0.57
-1.46,2.17,-0.60
-1.28,1.95,-0.60
-1.25,1.88,-0.57
-1.13,1.79,-0.53
-1.03,1.71,-0.48
-0.99,1.67,-0.37
-0.97,1.54,-0.43
-1.14,1.44,-0.40
-0.98,1.35,-0.39
-1.42,1.16,-0.42
-1.53,1.19,-0.32
-1.77,1.19,-0.38
-2.09,1.02,-0.34
-2.32,1.24,-0.27
-2.48,1.08,-0.37
-2.53,0.99,-0.45
-2.47,0.90,-0.30
-2.49,0.70,-0.37
-2.43,0.36,-0.44
-2.26,-0.03,-0.42
-2.19,-0.28,-0.65
-2.20,-0.43,-0.55
-1.93,-0.47,-0.55
-1.68,-0.37,-0.72
-1.79,-0.31,-0.74
-1.54,-0.27,-0.55
-1.55,-0.05,-0.50
-1.29,0.32,-0.46
-1.34,0.59,-0.68
-1.16,0.90,-0.81
-1.40,1.25,-0.69
-1.48,1.64,-0.83
-1.49,1.93,-0.85
-1.46,2.29,-0.85
-1.54,2.54,-0.95
-1.59,2.69,-1.02
-1.73,2.82,-1.08
-1.62,2.91,-1.02
-1.51,3.11,-1.00
-1.35,3.11,-1.06
-1.31,2.92,-0.99
-1.24,2.80,-0.85
-1.01,2.40,-0.66
-0.84,2.01,-0.77
-0.63,1.73,-0.57
-0.50,1.38,-0.68
-0.43,1.24,-0.59
-0.24,0.99,-0.54
-0.22,0.88,-0.43
0.03,0.81,-0.45
-0.09,0.90,-0.41
-0.30,1.03,-0.35
-0.42,1.29,-0.24
-0.62,1.51,-0.33
-0.67,1.68,-0.43
-0.87,1.89,-0.38
-1.06,1.99,-0.23
-1.21,1.88,-0.28
-1.38,1.79,-0.18
-1.66,1.53,-0.10
-1.71,1.29,-0.09
-1.87,0.96,0.13
-2.04,0.61,0.12
-2.08,0.30,0.21
-2.25,0.04,0.22
-2.38,-0.13,0.33
-2.49,-0.31,0.18
-2.51,-0.47,0.34
-2.66,-0.47,0.34
-2.67,-0.56,0.25
-3.07,-0.63,0.42
-3.22,-0.90,0.33
-3.23,-0.97,0.21
-3.36,-1.03,0.25
-3.16,-0.99,0.08
-3.26,-1.05,0.05
-3.02,-0.93,0.09
-3.06,-0.90,-0.14
-3.05,-0.86,-0.08
-2.90,-0.62,-0.31
-2.82,-0.58,-0.34
-2.62,-0.34,-0.36
-2.75,-0.29,-0.40
-2.61,-0.26,-0.40
-2.53,-0.07,-0.38
-2.29,-0.33,-0.33
-2.29,-0.29,-0.40
-2.18,-0.45,-0.34
-2.16,-0.64,-0.39
-1.85,-0.80,-0.26
-1.80,-0.97,-0.24
-2.18,-0.82,-0.27
-2.39,-0.65,-0.09
-2.57,-0.64,-0.04
-2.70,-0.50,-0.13
-2.92,-0.17,-0.11
-3.25,-0.05,-0.15
-3.29,0.11,-0.19
-3.68,0.11,-0.15
-3.62,0.08,-0.20
-3.79,0.11,-0.29
-4.03,0.09,-0.33
-4.12,0.14,-0.15
-4.41,0.30,-0.25
-4.39,0.40,-0.04
-4.59,0.48,-0.13
-4.98,0.32,-0.27
-4.98,0.21,-0.26
-5.32,0.07,-0.51
-5.29,-0.18,-0.38
-5.42,-0.30,-0.34
-5.30,-0.46,-0.12
-5.39,-0.72,-0.14
-5.63,-0.50,-0.15
-5.72,-0.45,-0.30
-6.08,-0.31,-0.15
-6.65,-0.30,-0.34