3.02,-0.82,-0.75
3.16,-0.90,-0.40
2.92,-0.97,-0.33
2.59,-0.96,-0.10
2.19,-1.17,0.16
1.79,-1.30,0.53
1.16,-1.31,0.71
0.65,-1.37,0.94
-0.08,-1.46,1.11
-0.71,-1.35,1.27
-1.41,-1.44,1.49
-2.12,-1.39,1.41
-2.77,-1.47,1.38
-3.59,-1.37,1.30
-4.17,-1.21,1.40
-4.95,-1.20,1.00
-5.57,-1.23,0.86
-6.17,-1.24,0.40
-6.51,-1.05,0.24
-6.88,-1.07,-0.12
-7.19,-1.14,-0.55
-7.14,-1.12,-0.78
-7.08,-1.14,-1.12
-6.82,-1.17,-1.32
-6.61,-1.19,-1.55
-6.28,-1.22,-1.70
-5.63,-1.23,-1.77
-5.20,-1.16,-1.61
-4.44,-1.19,-1.50
-3.73,-1.02,-1.23
-3.09,-0.75,-0.93
-2.44,-0.72,-0.59
-1.56,-0.42,-0.27
-1.05,-0.16,0.19
-0.47,0.16,0.70
-0.03,0.55,1.02
0.64,0.82,1.39
1.09,1.16,1.66
1.57,1.36,2.03
1.85,1.58,2.17
2.19,1.80,2.30
2.23,1.90,2.31
2.41,2.08,2.01
2.39,2.21,1.81
2.29,2.10,1.46
2.08,2.22,1.14
1.76,2.05,0.80
1.51,2.01,0.34
1.13,1.77,-0.19
0.69,1.69,-0.66
0.15,1.49,-1.09
-0.37,1.24,-1.41
-0.84,1.17,-1.77
-1.28,1.03,-1.87
-1.75,0.80,-1.93
-2.34,0.79,-1.88
-2.93,0.71,-1.84
-3.41,0.82,-1.77
-3.98,0.87,-1.46
-4.38,1.00,-1.09
-4.90,1.22,-0.79
-5.22,1.35,-0.49
-5.42,1.35,-0.15
-5.86,1.61,0.17
-5.92,1.51,0.58
-6.03,1.65,0.84
-5.97,1.60,1.15
-5.62,1.53,1.25
-5.44,1.55,1.31
-4.93,1.32,1.17
-4.43,1.08,1.22
-4.13,0.91,1.07
-3.44,0.81,0.92
-2.97,0.73,0.81
-2.38,0.79,0.61
-1.82,0.64,0.32
-1.27,0.72,0.15
-0.57,0.72,-0.04
-0.15,0.78,-0.25
0.47,0.83,-0.45
0.94,0.97,-0.55
1.21,0.90,-0.63
1.48,1.14,-0.73
1.56,1.32,-0.64
1.60,1.31,-0.58
1.44,1.53,-0.51
1.41,1.57,-0.45
1.14,1.58,-0.47
0.86,1.61,-0.26
0.72,1.37,-0.30
0.29,1.40,-0.23
-0.03,1.17,-0.09
-0.48,1.00,0.06
-0.70,0.66,0.03
-0.99,0.50,0.17
-1.54,0.32,0.13
-1.99,-0.00,0.13
-2.39,-0.08,0.23
-2.73,-0.27,0.26
-3.15,-0.33,0.20
-3.49,-0.37,0.15
-3.71,-0.43,0.11
-3.87,-0.51,0.10
-4.26,-0.41,0.24
-4.24,-0.44,0.13
-4.42,-0.50,0.08
-4.36,-0.60,0.05
-4.53,-0.68,0.04
-4.52,-0.81,-0.05
-4.42,-0.91,-0.06
-4.31,-1.13,0.06
-4.02,-1.26,0.03
-3.91,-1.22,-0.10
-3.76,-1.42,0.12
-3.56,-1.25,0.08
-3.46,-1.17,0.02
-3.14,-1.08,0.26
-2.99,-0.90,0.28
-2.74,-0.66,0.42
-2.55,-0.41,0.37
-2.27,-0.04,0.40
-2.15,0.15,0.53
-1.84,0.32,0.51
-1.74,0.61,0.28
-1.29,1.01,0.36
-1.11,1.07,0.32
-0.87,1.45,0.08
-0.61,1.45,-0.06
-0.39,1.61,-0.17
-0.11,1.69,-0.46
0.01,1.59,-0.59
0.50,1.73,-0.76
0.66,1.59,-0.95
0.82,1.42,-1.10
0.89,1.29,-1.21
1.15,1.20,-1.28
1.15,1.01,-1.30
1.15,1.08,-1.35
1.06,1.13,-1.38
0.90,1.01,-1.31
0.61,1.00,-1.18
0.45,1.21,-0.91
-0.02,1.17,-0.87
-0.21,0.99,-0.68
-0.64,1.18,-0.40
-1.02,1.06,-0.17
-1.31,0.90,0.14
-1.64,0.60,0.23
-2.01,0.31,0.48
-2.26,0.10,0.55
-2.73,-0.35,0.78
-2.96,-0.57,0.94
-3.32,-0.98,1.02
-3.71,-1.18,0.93
-4.18,-1.49,0.86
-4.35,-1.53,0.81
-4.57,-1.68,0.59
-4.86,-1.58,0.56
-4.94,-1.65,0.41
-5.04,-1.41,0.22
-5.21,-1.15,0.08
-5.08,-0.84,-0.19
-4.95,-0.50,-0.29
-4.81,-0.26,-0.43
-4.79,0.09,-0.58
-4.39,0.27,-0.68
-4.10,0.57,-0.84
-3.70,0.72,-0.97
-3.35,0.87,-1.01
-2.83,1.05,-0.95
-2.40,1.05,-0.92
-1.85,1.08,-0.88
-1.32,1.15,-0.76
-0.86,1.13,-0.59
-0.47,1.14,-0.39
0.05,1.02,-0.26
0.46,1.07,-0.02
0.72,1.05,0.26
1.05,1.03,0.32
1.46,0.99,0.51
1.56,1.13,0.63
1.75,0.92,0.90
1.79,1.15,0.85
1.74,1.05,0.89
1.65,1.13,0.89
1.42,1.13,0.90
1.19,1.12,0.85
0.86,1.06,0.64
0.59,1.13,0.64
0.05,1.00,0.44
-0.55,0.90,0.18
-0.93,0.72,0.05
-1.65,0.55,-0.07
-2.10,0.40,-0.26
-2.59,0.34,-0.41
-3.23,0.06,-0.41
-3.79,-0.02,-0.63
-4.31,-0.19,-0.80
-4.77,-0.14,-0.68
-5.17,-0.23,-0.79
-5.41,-0.24,-0.83
-5.70,-0.36,-0.87
-5.87,-0.21,-0.69
-5.75,-0.14,-0.61
-5.54,0.03,-0.50
-5.36,-0.00,-0.28
-5.54,0.12,-0.20
-5.30,0.01,0.05
-4.89,0.21,0.19
-4.49,0.31,0.33
-4.12,0.45,0.37
-3.73,0.53,0.51
-3.30,0.54,0.52
-2.86,0.39,0.60
-2.49,0.32,0.55
-2.02,0.12,0.45
-1.53,0.18,0.40
-1.11,-0.04,0.25
-0.56,0.11,0.16
-0.11,-0.09,-0.03
0.44,0.16,-0.24
0.68,0.21,-0.16
1.08,0.33,-0.34
1.10,0.51,-0.44
1.29,0.85,-0.65
1.54,1.02,-0.66
1.53,1.11,-0.74
1.53,1.16,-0.78
1.41,1.22,-0.71
1.37,1.30,-0.74
1.12,1.16,-0.80
1.01,1.06,-0.72
0.65,0.76,-0.69
0.37,0.65,-0.57
0.09,0.43,-0.51
-0.16,0.23,-0.34
-0.47,0.08,-0.39
-1.09,-0.06,-0.16
-1.34,-0.33,-0.08
-1.92,-0.31,0.02
-2.49,-0.64,0.15
-2.86,-0.75,0.21
-3.37,-0.89,0.24
-3.76,-0.92,0.30
-4.17,-1.14,0.25
-4.55,-1.07,0.32
-4.83,-1.04,0.35
-5.16,-0.95,0.18
-5.44,-0.95,0.21
-5.50,-0.74,0.09
-5.53,-0.85,0.12
-5.57,-0.80,-0.09
-5.31,-0.64,-0.21
-5.04,-0.88,-0.32
-4.61,-0.84,-0.37
-4.41,-0.72,-0.45
-3.94,-0.69,-0.47
-3.67,-0.72,-0.44
-3.03,-0.56,-0.42
-2.52,-0.48,-0.35
-2.12,-0.24,-0.33
-1.55,-0.03,-0.27
-1.03,0.02,-0.26
-0.58,0.19,-0.13
-0.18,0.33,-0.03
0.13,0.45,0.08
0.55,0.55,0.11
0.74,0.50,0.17
1.05,0.61,0.20
1.04,0.64,0.10
1.00,0.60,0.06
0.99,0.55,-0.06
1.11,0.74,-0.19
0.73,0.77,-0.14
0.53,1.12,-0.37
0.38,1.34,-0.31
0.05,1.44,-0.53
-0.42,1.80,-0.60
-0.82,2.04,-0.73
-1.27,2.19,-0.74
-1.38,2.32,-0.80
-1.86,2.34,-0.81
-2.11,2.45,-0.84
-2.40,2.27,-0.75
-2.67,2.00,-0.74
-2.86,1.79,-0.71
-3.01,1.63,-0.73
-3.10,1.32,-0.50
-3.06,0.99,-0.55
-3.22,0.74,-0.42
-3.11,0.72,-0.40
-3.14,0.57,-0.21
-2.93,0.56,-0.17
-2.89,0.46,-0.12
-2.75,0.43,0.03
-2.53,0.37,0.00
-2.43,0.27,0.08
-2.24,0.06,0.09
-2.07,0.02,0.13
-2.00,-0.01,0.11
-1.87,-0.06,0.08
-1.73,-0.06,-0.03
-1.59,-0.05,0.00
-1.59,-0.25,-0.05
-1.59,-0.19,0.01
-1.60,-0.24,0.10
-1.64,-0.26,-0.00
-1.72,-0.36,0.23
-1.76,-0.26,0.21
-1.67,-0.40,0.26
-1.71,-0.34,0.24
-1.86,-0.49,0.37
-1.92,-0.57,0.34
-1.73,-0.63,0.48
-2.12,-0.58,0.42
-2.04,-0.63,0.53
-2.04,-0.62,0.31
-2.09,-0.63,0.57
-1.96,-0.42,0.40
-1.98,-0.24,0.44
-2.06,-0.09,0.36
-2.09,-0.05,0.28
-2.10,0.02,0.23
-2.11,0.14,0.14
-2.20,-0.01,0.03
-2.14,-0.05,-0.05
-2.37,-0.10,-0.22
-2.45,-0.24,-0.14
-2.46,-0.53,-0.31
-2.44,-0.71,-0.31
-2.58,-1.03,-0.43
-2.63,-1.46,-0.54
-2.55,-1.56,-0.47
-2.43,-1.73,-0.55
-2.48,-1.78,-0.45
-2.44,-1.76,-0.37
-2.49,-1.59,-0.20
-2.43,-1.35,-0.15
-2.56,-0.95,-0.15
-2.62,-0.53,-0.01
-2.47,-0.04,0.05
-2.35,0.35,0.19
-2.18,0.53,0.22
-2.12,0.75,0.11
-1.97,1.05,0.29
-1.68,0.81,0.27
-1.78,0.76,0.23
-1.54,0.61,0.14
-1.30,0.42,0.05
-1.24,0.20,-0.05
-1.20,-0.10,-0.13
-0.95,-0.17,-0.23
-0.92,-0.34,-0.50
-0.91,-0.44,-0.65
-0.91,-0.40,-0.71
-0.84,-0.39,-0.74
-0.93,-0.35,-0.97
-0.85,-0.13,-0.97
-0.95,0.00,-0.98
-0.93,0.22,-1.02
-0.88,0.30,-0.81
-1.09,0.39,-0.85
-1.00,0.57,-0.72
-1.04,0.57,-0.72
-0.96,0.68,-0.63
-1.00,0.48,-0.50
-1.05,0.36,-0.35
-1.17,0.27,-0.37
-1.29,0.05,-0.27
-1.42,-0.08,-0.17
-1.57,-0.19,-0.06
-1.65,-0.18,0.03
-1.70,-0.35,0.03
-1.80,-0.40,0.02
-2.08,-0.39,0.04
-2.21,-0.68,0.05
-2.31,-0.67,-0.06
-2.55,-0.71,-0.02
-2.59,-0.79,-0.08
-2.85,-0.82,-0.09
-2.97,-0.71,-0.04
-2.91,-0.66,-0.18
-3.06,-0.53,-0.24
-3.18,-0.41,-0.23
-3.23,-0.30,-0.31
-3.11,0.05,-0.27
-3.36,0.32,-0.38
-3.12,0.64,-0.36
-3.02,0.69,-0.42
-2.91,0.84,-0.49
-2.67,0.75,-0.42
-2.74,0.79,-0.57
-2.42,0.74,-0.30
-2.35,0.51,-0.37
-2.13,0.58,-0.28
-1.82,0.48,-0.21
-1.56,0.37,-0.16
-1.36,0.56,-0.06
-1.09,0.67,0.06
-1.04,0.71,0.03
-0.82,1.10,0.14
-0.53,1.34,0.23
-0.58,1.53,0.09
-0.48,1.53,0.24
-0.44,1.83,0.27
-0.61,1.81,0.27
-0.47,1.82,0.24
-0.63,1.83,0.17
-0.50,1.81,0.07
-0.70,1.59,0.07
-0.70,1.52,0.10
-0.91,1.50,0.00
-1.00,1.34,0.01
-1.23,1.21,-0.28
-1.47,1.19,-0.04
-1.63,1.22,-0.26
-2.00,0.97,-0.14
-2.49,1.11,-0.36
-2.41,1.05,-0.37
-2.70,1.00,-0.37
-2.60,0.76,-0.38
-2.63,0.59,-0.48
-2.72,0.29,-0.38
-2.64,0.23,-0.32
-2.64,-0.04,-0.35
-2.61,-0.16,-0.40
-2.51,-0.37,-0.11
-2.62,-0.47,-0.14
-2.62,-0.31,0.03
-2.77,-0.37,0.13
-2.76,-0.18,0.23
-2.88,0.09,0.29
-2.87,0.18,0.40
-2.93,0.37,0.37
-2.73,0.31,0.33
-2.76,0.38,0.36
-2.49,0.19,0.38
-2.48,0.09,0.34
-2.31,-0.12,0.20
-1.96,-0.23,0.05
-1.87,-0.47,0.01
-1.61,-0.51,-0.10
-1.54,-0.48,-0.05
-1.43,-0.53,-0.17
-1.10,-0.38,-0.26
-1.15,-0.37,-0.24
-1.26,-0.18,-0.28
-1.19,-0.03,-0.22
-1.15,0.01,-0.26
-1.24,0.03,-0.19
-1.16,0.01,-0.18
-1.13,-0.03,-0.23
-1.33,0.10,-0.10
-1.16,-0.08,-0.10
-1.39,-0.13,0.00
-1.40,-0.17,0.02
-1.50,-0.08,0.00
-1.69,-0.04,0.12
-1.74,0.04,-0.07
-1.86,0.06,-0.00
-2.01,0.14,-0.22
-2.00,0.02,-0.13
-2.10,-0.14,-0.19
-2.06,-0.31,-0.24
-2.03,-0.30,-0.53
-1.95,-0.56,-0.41
-1.81,-0.81,-0.28
-1.89,-0.97,-0.30
-1.72,-0.97,-0.39
-1.80,-1.16,-0.25
-1.90,-1.08,-0.31
-1.98,-1.06,-0.24
-2.12,-0.74,-0.24
-2.14,-0.58,-0.19
-2.31,-0.30,-0.16
-2.40,0.05,0.16
-2.60,0.36,0.01
-2.71,0.56,0.25
-2.79,0.68,0.27
-2.81,0.75,0.24
-2.76,0.84,0.26
-2.62,0.82,0.16
-2.55,0.68,0.24
-2.44,0.57,0.15
-2.36,0.61,0.14
-2.36,0.35,-0.05
-2.14,0.56,-0.12
-2.09,0.77,-0.23
-1.80,0.89,-0.28
-1.57,0.90,-0.39
-1.54,1.18,-0.58
-1.40,1.11,-0.54
-1.16,1.10,-0.67
-0.82,1.22,-0.76
-0.67,1.18,-0.72
-0.35,1.23,-0.86
-0.18,0.93,-0.73
0.11,0.82,-0.71
0.06,0.78,-0.57
0.05,0.71,-0.64
0.27,0.67,-0.50
0.16,0.57,-0.36
0.04,0.52,-0.16
0.06,0.48,-0.08
-0.26,0.58,0.08
-0.43,0.41,0.23
-0.76,0.27,0.24
-0.81,0.15,0.45
-1.16,0.14,0.59
-1.53,-0.14,0.73
-1.81,-0.17,0.83
-2.02,-0.38,0.96
-2.33,-0.49,0.91
-2.56,-0.53,0.91
-3.04,-0.44,0.95
-3.30,-0.63,0.84
-3.60,-0.35,0.66
-3.82,-0.33,0.59
-4.14,-0.22,0.45
-4.12,-0.13,0.35
-4.30,-0.04,0.32
-4.46,-0.17,-0.01
-4.23,-0.25,-0.21
-4.17,-0.28,-0.34
-3.84,-0.31,-0.60
-3.48,-0.55,-0.64
-3.44,-0.54,-0.82
-3.01,-0.63,-0.98
-2.85,-0.75,-1.01
-2.56,-0.61,-0.91
-2.41,-0.48,-0.91
-2.05,-0.25,-0.82
-1.82,-0.10,-0.55
-1.58,0.37,-0.43
-1.34,0.69,-0.08
-1.27,0.86,0.03
-1.09,1.15,0.13
-0.80,1.30,0.37
-0.67,1.40,0.55
-0.69,1.48,0.71
-0.21,1.44,0.85
-0.04,1.28,0.98
0.09,1.30,0.91
0.22,1.17,0.94
0.14,0.99,0.93
0.07,0.87,0.77
-0.11,0.82,0.64
-0.07,1.02,0.51
-0.50,1.12,0.42
-0.48,1.07,0.07
-0.78,1.06,-0.06
-0.94,1.02,-0.33
-1.26,1.17,-0.46
-1.63,1.05,-0.55
-1.77,1.08,-0.79
-1.90,0.92,-0.77
-2.06,0.69,-0.84
-2.41,0.52,-0.91
-2.44,0.43,-0.72
-2.63,0.29,-0.79
-2.77,0.07,-0.53
-2.93,-0.18,-0.52
-3.12,-0.32,-0.31
-3.18,-0.41,-0.23
-3.15,-0.79,0.00
-3.27,-1.06,0.21
-3.12,-1.31,0.39
-3.07,-1.48,0.39
-3.09,-1.75,0.51
-3.04,-2.02,0.64
-3.01,-2.22,0.71
-2.84,-2.45,0.80
-2.69,-2.47,0.73
-2.78,-2.44,0.66
-2.85,-2.39,0.55
-2.72,-2.32,0.62
-2.59,-2.06,0.46
-2.67,-1.86,0.36
-2.67,-1.67,0.20
-2.72,-1.54,0.06
-2.73,-1.29,0.05
-2.65,-1.09,-0.01
-2.78,-0.97,-0.22
-2.66,-0.97,-0.35
-2.53,-0.98,-0.53
-2.37,-0.96,-0.61
-2.38,-1.13,-0.71
-2.30,-1.18,-0.87
-2.39,-1.30,-0.86
-2.22,-1.30,-0.86
-2.15,-1.14,-0.82
-2.15,-1.22,-0.81
-2.06,-1.27,-0.61
-2.11,-1.01,-0.65
-2.07,-0.84,-0.57
-2.00,-0.73,-0.50
-1.96,-0.73,-0.34
-1.93,-0.65,-0.20
-1.79,-0.59,-0.17
-1.60,-0.50,0.03
-1.53,-0.47,-0.06
-1.39,-0.45,0.03
-1.29,-0.37,0.05
-1.09,-0.32,0.02
-0.98,-0.21,0.13
-0.91,-0.12,0.13
-0.73,-0.04,0.08
-0.76,-0.06,-0.11
-0.71,0.13,-0.19
-0.69,0.27,-0.33
-0.72,0.36,-0.43
-0.70,0.55,-0.56
-0.79,0.60,-0.62
-0.75,0.58,-0.85
-0.73,0.75,-0.91
-0.85,0.69,-1.04
-0.82,0.83,-0.99
-0.89,0.72,-1.14
-0.60,0.91,-1.17
-0.94,0.74,-1.15
-0.93,0.83,-1.20
-1.00,0.74,-1.01
-1.14,0.66,-1.09
-1.12,0.46,-1.04
-1.26,0.29,-0.86
-0.92,0.08,-0.79
-1.12,-0.21,-0.76
-1.13,-0.29,-0.55
-0.97,-0.65,-0.48
-0.79,-0.88,-0.31
-0.77,-1.02,-0.21
-1.01,-1.29,0.00
-1.22,-1.40,0.20
-1.37,-1.42,0.42
-1.57,-1.42,0.50
-2.04,-1.48,0.55
-2.35,-1.53,0.73
-2.82,-1.52,0.71
-3.38,-1.58,0.69
-3.64,-1.83,0.58
-4.14,-2.08,0.51
-4.32,-2.45,0.39
-4.58,-2.66,0.16
-4.91,-2.98,-0.11
-5.25,-3.45,-0.41
-5.21,-3.55,-0.60
-5.20,-3.74,-0.74
-5.02,-3.68,-0.95
-4.90,-3.89,-1.01
-4.82,-4.09,-0.91
-4.47,-4.23,-0.91
-4.26,-4.13,-0.77
-4.01,-3.94,-0.63
-3.72,-3.80,-0.39
-3.36,-3.80,-0.23
-3.17,-3.53,0.12
-2.77,-3.23,0.39
-2.38,-2.93,0.53
-2.27,-2.60,0.82
-1.92,-2.35,1.08
-1.33,-1.98,1.16
-0.85,-1.77,1.17
-0.42,-1.52,1.24
-0.07,-1.57,1.21
0.23,-1.74,1.03
0.62,-1.60,0.73
0.93,-1.86,0.50
1.29,-2.06,0.28
1.26,-2.17,0.11
1.23,-2.14,-0.33
1.48,-2.09,-0.39
1.09,-2.00,-0.62
1.06,-1.83,-0.74
0.58,-1.73,-0.81
0.37,-1.54,-0.97
-0.18,-1.06,-1.08
-0.39,-0.82,-1.14
-0.70,-0.72,-1.03
-1.16,-0.56,-1.04
-1.71,-0.44,-0.92
-2.04,-0.39,-0.85
-2.49,-0.21,-0.60
-2.66,-0.31,-0.56
-3.03,-0.29,-0.53
-3.26,-0.29,-0.39
-3.44,-0.50,-0.28
-3.72,-0.50,-0.32
-3.85,-0.45,-0.15
-3.93,-0.62,-0.20
-3.89,-0.80,-0.12
-3.97,-0.79,-0.19
-3.89,-0.80,-0.06
-3.72,-0.77,-0.10
-3.63,-0.55,-0.19
-3.55,-0.45,-0.14
-3.43,-0.19,-0.22
-3.16,0.09,-0.27
-2.88,0.28,-0.43
-2.51,0.56,-0.61
-2.40,0.78,-0.63
-1.99,1.00,-0.85
-1.70,1.16,-0.83
-1.25,1.38,-0.90
-0.95,1.40,-0.94
-0.66,1.43,-1.03
-0.26,1.49,-1.03
-0.08,1.44,-1.08
0.21,1.51,-1.03
0.42,1.42,-0.95
0.69,1.34,-0.86
0.72,1.37,-0.70
0.88,1.32,-0.57
0.89,1.41,-0.43
0.87,1.36,-0.20
0.79,1.26,-0.15
0.72,1.32,-0.00
0.72,1.17,0.05
0.54,1.09,0.23
0.53,1.03,0.37
0.29,0.68,0.37
0.19,0.53,0.33
-0.19,0.31,0.27
-0.35,-0.10,0.19
-0.72,-0.31,0.18
-1.07,-0.43,0.05
-1.40,-0.58,0.06
-1.83,-0.67,-0.19
-2.24,-0.89,-0.25
-2.73,-0.88,-0.38
-3.14,-1.08,-0.40
-3.53,-1.15,-0.34
-4.00,-1.13,-0.52
-4.41,-1.04,-0.50
-4.87,-1.30,-0.53
-5.02,-1.32,-0.36
-5.42,-1.16,-0.29
-5.61,-1.16,-0.26
-5.81,-1.13,-0.04
-5.77,-0.97,-0.01
-5.55,-0.89,0.20
-5.77,-0.79,0.25
-5.34,-0.87,0.23
-5.05,-0.69,0.36
-4.78,-0.68,0.47
-4.29,-0.57,0.50
-3.91,-0.69,0.49
-3.42,-0.48,0.51
-2.85,-0.25,0.44
-2.22,-0.39,0.42
-1.88,-0.19,0.40
-1.30,-0.02,0.19
-0.87,0.15,0.13
-0.45,0.27,0.00
-0.04,0.39,-0.06
0.39,0.45,-0.01
0.64,0.53,-0.16
0.88,0.63,-0.23
1.19,0.67,-0.32
1.08,0.55,-0.28
1.24,0.40,-0.37
1.15,0.46,-0.44
1.09,0.34,-0.39
0.82,0.48,-0.51
0.76,0.54,-0.40
0.48,0.45,-0.43
0.18,0.48,-0.56
-0.05,0.43,-0.42
-0.48,0.31,-0.50
-0.77,0.35,-0.42
-1.29,0.25,-0.43
-1.58,0.20,-0.24
-2.01,0.13,-0.24
-2.53,0.08,-0.04
-2.74,-0.01,-0.07
-3.33,-0.08,0.06
-3.65,-0.09,0.10
-3.86,-0.24,0.21
-4.35,-0.23,0.21
-4.46,-0.50,0.24
-4.57,-0.48,0.34
-4.67,-0.55,0.30
-4.78,-0.68,0.26
-4.65,-0.65,0.41
-4.81,-0.71,0.29
-4.72,-0.76,0.27
-4.61,-0.82,0.08
-4.26,-0.82,0.00
-4.21,-0.89,-0.05
-3.93,-0.75,-0.21
-3.55,-0.54,-0.16
-3.22,-0.48,-0.40
-2.86,-0.30,-0.43
-2.54,-0.18,-0.41
-2.15,-0.16,-0.51
-1.73,0.14,-0.56
-1.35,0.34,-0.63
-0.90,0.51,-0.47
-0.75,0.41,-0.66
-0.29,0.66,-0.74
-0.06,0.78,-0.55
0.04,0.82,-0.48
0.33,0.88,-0.47
0.56,0.93,-0.47
0.72,0.98,-0.37
0.93,0.97,-0.39
0.99,1.08,-0.36
0.93,0.92,-0.34
1.02,0.97,-0.23
0.85,0.90,-0.13
0.79,1.14,-0.03
0.60,1.12,0.02
0.34,1.16,-0.01
-0.08,1.12,0.10
-0.23,1.40,0.09
-0.48,1.34,0.13
-0.94,1.41,0.03
-1.31,1.39,-0.00
-1.55,1.37,0.01
-1.77,1.26,-0.18
-2.00,1.08,-0.27
-2.43,0.90,-0.32
-2.43,0.68,-0.42
-2.67,0.47,-0.48
-2.78,0.28,-0.69
-3.02,-0.02,-0.63
-3.12,-0.25,-0.79
-3.14,-0.47,-0.94
-3.36,-0.62,-0.99
-3.28,-0.80,-0.87
-3.33,-0.96,-0.88
-3.39,-1.17,-0.83
-3.23,-1.08,-0.67
-3.22,-1.17,-0.63
-2.97,-1.03,-0.45
-2.95,-0.91,-0.37
-2.84,-0.60,-0.27
-2.65,-0.48,-0.02
-2.57,-0.29,-0.02
-2.31,-0.02,0.11
-2.12,-0.02,0.22
-1.95,0.21,0.26
-1.67,0.22,0.40
-1.59,0.25,0.47
-1.21,0.31,0.41
-1.13,0.27,0.36
-0.86,0.13,0.48
-0.67,0.31,0.35
-0.46,0.25,0.23
-0.29,0.23,0.17
-0.13,0.10,0.07
-0.03,0.19,0.06
-0.10,0.14,-0.09
0.01,-0.04,-0.26
0.04,0.09,-0.45
-0.11,-0.03,-0.37
-0.27,0.02,-0.66
-0.41,-0.01,-0.82
-0.47,0.06,-0.83
-0.80,0.11,-0.75
-0.95,0.18,-0.89
-1.26,0.23,-0.92
-1.61,0.32,-0.94
-1.76,0.44,-0.71
-2.00,0.50,-0.61
-2.26,0.48,-0.50
-2.48,0.54,-0.42
-2.62,0.35,-0.24
-2.96,0.45,-0.10
-2.96,0.26,0.14
-3.02,0.28,0.25
-3.17,0.08,0.34
-3.22,0.09,0.46
-3.40,0.01,0.59
-3.33,-0.10,0.68
-3.30,0.11,0.60
-3.38,0.02,0.24
-3.28,0.08,0.46
-2.98,-0.03,0.18
-2.95,-0.04,0.12
-2.62,-0.13,0.10
-2.62,-0.20,-0.16
-2.11,-0.25,-0.32
-1.90,-0.21,-0.47
-1.79,-0.35,-0.64
-1.38,-0.28,-0.77
-1.35,-0.21,-0.84
-1.19,-0.19,-0.96
-1.23,-0.11,-0.82
-1.06,0.16,-0.79
-1.09,0.20,-0.79
-1.02,0.33,-0.57
-0.97,0.38,-0.49
-0.94,0.29,-0.49
-0.74,0.30,-0.17
-0.72,0.19,-0.13
-0.98,0.02,0.14
-0.79,-0.07,0.26
-0.89,-0.25,0.36
-0.82,-0.39,0.47
-0.98,-0.42,0.53
-1.15,-0.51,0.51
-1.05,-0.56,0.63
-1.44,-0.71,0.53
-1.51,-0.65,0.48
-1.77,-0.64,0.51
-1.88,-0.58,0.49
-2.18,-0.52,0.21
-2.30,-0.47,0.19
-2.54,-0.43,-0.03
-2.76,-0.38,-0.13
-2.72,-0.37,-0.38
-2.82,-0.48,-0.42
-2.89,-0.53,-0.55
-3.10,-0.59,-0.84
-3.04,-0.53,-0.75
-3.11,-0.56,-0.84
-3.07,-0.49,-0.84
-2.98,-0.60,-0.97
-2.79,-0.46,-0.84
-2.72,-0.39,-0.93
-2.73,-0.46,-0.90
-2.45,-0.25,-0.82
-2.43,-0.42,-0.74
-1.98,-0.42,-0.69
-1.66,-0.39,-0.62
-1.42,-0.42,-0.50
-1.04,-0.28,-0.33
-0.98,-0.29,-0.15
-0.59,-0.25,-0.03
-0.29,-0.23,0.02
-0.11,-0.14,0.19
-0.01,-0.24,0.39
0.22,-0.36,0.34
0.24,-0.26,0.45
0.21,-0.36,0.42
0.24,-0.39,0.46
0.19,-0.60,0.72
-0.01,-0.55,0.51
-0.17,-0.55,0.43
-0.40,-0.77,0.42
-0.68,-0.88,0.22
-0.90,-0.84,0.27
-1.35,-0.93,0.16
-1.59,-0.86,-0.11
-2.06,-0.90,-0.02
-2.40,-0.87,-0.04
-2.82,-1.01,-0.28
-3.00,-0.98,-0.29
-3.34,-1.12,-0.21
-3.57,-1.19,-0.27
-3.89,-1.32,-0.32
-4.05,-1.20,-0.32
-4.08,-1.48,-0.26
-4.30,-1.44,-0.24
-4.24,-1.31,-0.13
-4.15,-1.34,-0.01
-4.15,-1.23,0.02
-4.06,-1.18,0.08
-3.86,-0.96,0.15
-3.70,-0.89,0.25
-3.64,-0.60,0.20
-3.43,-0.46,0.29
-3.07,-0.38,0.29
-2.85,-0.14,0.38
-2.69,-0.10,0.53
-2.33,0.07,0.14
-2.16,0.10,0.38
-1.79,0.36,0.29
-1.71,0.46,0.34
-1.37,0.56,0.29
-1.24,0.67,0.19
-0.81,0.89,0.15
-0.83,0.85,-0.06
-0.52,1.04,-0.04
-0.30,1.07,-0.23
-0.30,1.14,-0.35
-0.09,1.24,-0.43
-0.05,1.24,-0.63
0.05,1.35,-0.57
0.23,1.42,-0.72
0.28,1.31,-0.72
0.27,1.26,-0.80
0.25,1.06,-0.81
0.31,0.92,-0.84
0.17,0.84,-0.82
0.03,0.63,-0.85
-0.04,0.48,-0.69
-0.38,0.39,-0.60
-0.40,0.23,-0.58
-0.65,0.20,-0.52
-1.03,0.17,-0.31
-1.39,0.15,-0.29
-1.70,0.35,-0.28
-2.06,0.28,-0.16
-2.44,0.34,-0.14
-2.78,0.40,0.05
-2.97,0.35,0.02
-3.29,0.28,0.11
-3.62,0.35,0.02
-3.62,0.24,0.03
-3.95,0.23,-0.11
-4.04,0.17,-0.26
-3.95,0.16,-0.30
-3.86,-0.10,-0.31
-3.76,-0.21,-0.41
-3.44,-0.30,-0.46
-3.34,-0.40,-0.51
-3.00,-0.41,-0.66
-2.80,-0.32,-0.74
-2.53,-0.38,-0.76
-2.27,-0.42,-0.79
-2.03,-0.42,-0.77
-1.62,-0.31,-0.70
-1.44,-0.32,-0.71
-1.31,-0.30,-0.58
-1.09,-0.32,-0.51
-0.92,-0.35,-0.35
-0.64,-0.23,-0.19
-0.45,-0.26,0.02
-0.47,-0.17,0.11
-0.14,-0.16,0.16
-0.33,-0.14,0.23
-0.23,-0.11,0.40
-0.19,-0.06,0.44
-0.09,-0.14,0.30
-0.20,-0.22,0.37
-0.19,-0.34,0.29
-0.34,-0.34,0.20
-0.51,-0.40,0.00
-0.61,-0.56,-0.06
-0.85,-0.62,-0.09
-1.13,-0.59,-0.26
-1.32,-0.80,-0.41
-1.64,-0.68,-0.44
-1.75,-0.82,-0.63
-1.96,-0.87,-0.69
-2.13,-0.89,-0.71
-2.47,-0.96,-0.87
-2.69,-0.84,-0.79
-2.90,-0.84,-0.74
-2.99,-0.97,-0.59
-3.15,-0.85,-0.63
-3.37,-1.07,-0.43
-3.30,-1.06,-0.37
-3.33,-0.82,-0.26
-3.29,-0.98,-0.06
-3.25,-0.88,-0.05
-3.18,-0.88,0.22
-2.97,-0.77,0.18
-2.76,-0.49,0.24
-2.60,-0.51,0.32
-2.43,-0.29,0.29
-2.22,-0.28,0.31
-2.06,-0.09,0.31
-1.76,-0.04,0.28
-1.57,0.06,0.24
-1.37,0.10,0.17
-1.09,0.16,0.16
-1.01,0.13,0.06
-0.83,0.11,0.09
-0.57,0.25,-0.09
-0.53,0.34,-0.10
-0.27,0.36,-0.16
-0.46,0.38,-0.26
-0.19,0.41,-0.29
-0.37,0.49,-0.41
-0.38,0.34,-0.42
-0.37,0.19,-0.47
-0.39,0.10,-0.55
-0.57,-0.14,-0.57
-0.74,-0.21,-0.47
-0.78,-0.49,-0.54
-0.95,-0.63,-0.45
-1.08,-0.75,-0.50
-1.34,-0.94,-0.44
-1.38,-0.97,-0.36
-1.64,-1.09,-0.39
-1.95,-1.04,-0.29
-1.95,-1.17,-0.31
-2.20,-1.08,-0.18
-2.45,-1.05,-0.31
-2.59,-1.11,-0.19
-2.80,-1.02,-0.44
-2.78,-0.92,-0.41
-2.97,-1.02,-0.34
-3.23,-1.15,-0.48
-3.19,-1.26,-0.54
-2.98,-1.32,-0.53
-2.85,-1.37,-0.55
-2.69,-1.59,-0.59
-2.59,-1.63,-0.56
-2.38,-1.77,-0.49
-2.12,-1.74,-0.45
-2.14,-1.55,-0.36
-1.93,-1.38,-0.26
-2.00,-1.11,-0.21
-1.82,-0.72,-0.05
-1.83,-0.32,-0.04
-1.91,0.00,-0.09
-2.03,0.40,0.10
-1.84,0.64,0.10
-1.80,0.87,0.00
-1.78,1.11,0.05
-1.79,1.21,-0.16
-1.42,1.28,-0.19
-1.28,1.22,-0.39
-1.09,1.34,-0.41
-0.97,1.46,-0.61
-0.85,1.38,-0.61
-0.66,1.44,-0.69
-0.60,1.36,-0.79
-0.36,1.53,-0.79
-0.51,1.28,-0.76
-0.46,1.27,-0.79
-0.35,1.30,-0.71
-0.47,1.03,-0.56
-0.48,0.88,-0.57
-0.63,0.70,-0.40
-0.95,0.51,-0.26
-0.95,0.32,-0.19
-1.20,0.04,-0.03
-1.43,-0.07,0.06
-1.70,-0.24,0.16
-1.85,-0.44,0.03
-2.29,-0.45,0.19
-2.53,-0.53,0.18
-2.78,-0.68,0.15
-3.06,-0.45,0.06
-3.36,-0.56,-0.11
-3.55,-0.48,-0.16
-3.65,-0.56,-0.23
-3.80,-0.49,-0.28
-3.90,-0.48,-0.39
-3.75,-0.47,-0.53
-3.73,-0.58,-0.52
-3.53,-0.50,-0.68
-3.43,-0.69,-0.59
-3.20,-0.70,-0.64
-3.05,-0.56,-0.66
-2.67,-0.60,-0.67
-2.33,-0.63,-0.63
-2.09,-0.76,-0.61
-1.81,-0.69,-0.48
-1.29,-0.66,-0.43
-1.03,-0.68,-0.21
-0.57,-0.68,-0.14
-0.40,-0.74,-0.11
0.00,-0.87,-0.08
0.19,-0.93,0.02
0.57,-0.89,-0.05
0.61,-0.82,0.01
0.73,-0.97,0.05
0.77,-0.81,0.13
0.67,-0.72,0.27
0.44,-0.70,0.30
0.31,-0.51,0.21
-0.02,-0.43,0.17
-0.19,-0.41,0.19
-0.60,-0.43,0.14
-0.90,-0.46,-0.06
-1.21,-0.50,-0.07
-1.59,-0.62,-0.12
-1.88,-0.69,-0.25
-2.19,-0.96,-0.30
-2.48,-1.26,-0.35
-2.69,-1.32,-0.29
-2.93,-1.58,-0.24
-3.03,-1.66,-0.26
-3.39,-1.85,-0.19
-3.48,-1.79,-0.12
-3.64,-1.67,-0.07
-3.92,-1.51,0.12
-4.10,-1.28,0.29
-4.26,-1.00,0.35
-4.36,-0.79,0.45
-4.37,-0.40,0.60
-4.59,-0.51,0.68
-4.56,-0.30,0.53
-4.30,-0.31,0.66
-4.06,-0.26,0.65
-3.93,-0.20,0.61
-3.71,-0.14,0.58
-3.55,-0.15,0.35
-3.17,0.05,0.29
-3.04,0.10,0.24
-2.73,0.59,0.11
-2.33,0.80,-0.16
-2.01,1.09,-0.22
-1.68,1.33,-0.35
-1.47,1.46,-0.28
-0.95,1.67,-0.45
-0.64,1.83,-0.47
-0.34,1.78,-0.39
0.15,1.64,-0.40
0.31,1.47,-0.19
0.56,1.26,-0.18
0.71,1.27,-0.14
0.80,1.20,-0.05
0.78,1.14,0.09
0.68,1.22,0.13
0.49,1.27,0.14
0.43,1.36,0.21
0.18,1.46,0.23
-0.01,1.71,0.26
-0.43,1.57,0.14
-0.67,1.58,0.11
-0.80,1.63,0.01
-1.27,1.43,-0.11
-1.53,1.15,-0.18
-1.72,0.71,-0.33
-1.88,0.46,-0.40
-2.15,0.08,-0.60
-2.35,-0.39,-0.69
-2.48,-0.68,-0.67
-2.79,-0.98,-0.82
-2.88,-1.38,-0.98
-3.00,-1.48,-0.97
-2.96,-1.49,-0.92
-3.19,-1.37,-0.89
-3.15,-1.32,-0.71
-3.17,-1.27,-0.68
-3.41,-1.05,-0.58
-3.29,-0.92,-0.44
-3.19,-0.85,-0.33
-3.09,-0.92,-0.26
-2.99,-0.89,-0.14
-2.84,-0.90,-0.04
-2.82,-0.93,0.13
-2.41,-0.92,0.19
-2.40,-0.96,0.29
-2.14,-0.92,0.34
-2.12,-0.76,0.39
-1.92,-0.48,0.35
-1.71,-0.18,0.38
-1.59,-0.01,0.26
-1.52,0.25,0.16
-1.16,0.58,0.28
-1.06,0.72,0.13
-0.90,0.78,-0.13
-0.68,0.84,-0.17
-0.55,0.90,-0.21
-0.53,0.94,-0.52
-0.19,0.79,-0.34
-0.03,0.67,-0.43
-0.03,0.55,-0.64
0.03,0.45,-0.58
-0.04,0.22,-0.63
-0.02,0.23,-0.60
-0.10,0.17,-0.48
-0.30,0.30,-0.50
-0.35,0.30,-0.45
-0.61,0.19,-0.40
-0.78,0.29,-0.23
-0.94,0.22,-0.22
-1.20,0.22,-0.18
-1.27,0.19,-0.08
-1.57,0.08,-0.11
-1.81,0.06,-0.20
-1.93,-0.11,-0.10
-2.26,-0.14,-0.20
-2.45,-0.26,-0.14
-2.77,-0.20,-0.19
-2.90,-0.26,-0.13
-3.13,-0.45,-0.06
-3.34,-0.21,-0.10
-3.46,-0.25,-0.05
-3.59,-0.25,0.06
-3.53,-0.35,-0.00
-3.61,-0.35,0.03
-3.49,-0.53,0.08
-3.61,-0.44,0.06
-3.33,-0.61,0.13
-3.51,-0.62,0.11
-3.19,-0.55,0.07
-3.09,-0.64,0.19
-3.05,-0.56,0.08
-2.72,-0.53,0.12
-2.83,-0.43,0.19
-2.48,-0.27,0.19
-2.32,-0.07,0.29
-2.17,-0.13,0.16
-1.92,-0.05,0.19
-1.76,0.02,0.18
-1.57,0.09,0.08
-1.34,0.09,0.06
-1.33,0.12,0.06
-1.08,0.00,-0.02
-1.07,0.06,-0.13
-1.00,-0.02,-0.16
-0.77,0.04,-0.29
-0.92,0.15,-0.34
-0.92,0.18,-0.31
-1.03,0.19,-0.36
-1.07,0.23,-0.42
-1.17,0.11,-0.51
-1.16,0.09,-0.54
-1.30,0.10,-0.44
-1.31,0.05,-0.45
-1.45,-0.04,-0.50
-1.49,0.02,-0.31
-1.78,-0.14,-0.45
-1.73,-0.14,-0.42
-1.75,-0.22,-0.41
-1.99,-0.28,-0.43
-1.90,-0.32,-0.36
-2.08,-0.37,-0.38
-2.14,-0.50,-0.45
-2.20,-0.48,-0.35
-2.24,-0.45,-0.38
-2.14,-0.61,-0.47
-2.18,-0.64,-0.66
-2.17,-0.65,-0.55
-2.05,-0.83,-0.55
-2.17,-0.75,-0.55
-2.08,-0.73,-0.57
-2.14,-0.70,-0.62
-2.17,-0.61,-0.60
-2.08,-0.61,-0.58
-2.09,-0.31,-0.72
-2.20,-0.01,-0.47
-2.29,0.14,-0.35
-2.22,0.35,-0.28
-2.34,0.38,-0.27
-2.30,0.45,-0.19
-2.02,0.38,-0.01
-2.12,0.38,0.07
-1.99,0.23,-0.08
-1.73,0.08,0.19
-1.53,-0.24,0.13
-1.38,-0.14,0.24
-1.25,-0.24,0.24
-1.05,-0.11,0.30
-0.93,-0.04,0.33
-0.87,0.21,0.25
-0.83,0.30,0.34
-0.82,0.55,0.40
-0.84,0.68,0.26
-1.03,0.90,0.18
-1.06,1.06,0.14
-0.98,0.91,-0.08
-1.22,0.75,-0.16
-1.20,0.63,-0.34
-1.15,0.57,-0.45
-1.37,0.23,-0.58
-1.41,0.16,-0.84
-1.61,-0.07,-0.90
-1.59,-0.29,-1.00
-1.76,-0.45,-0.96
-1.73,-0.53,-1.11
-1.79,-0.60,-0.97
-1.94,-0.64,-0.93
-1.93,-0.83,-0.84
-2.14,-0.75,-0.60
-2.07,-0.72,-0.51
-2.14,-0.77,-0.25
-2.21,-0.74,-0.29
-2.19,-0.59,0.03
-2.27,-0.58,0.24
-2.40,-0.45,0.47
-2.44,-0.26,0.62
-2.58,-0.29,0.63
-2.61,-0.12,0.69
-2.50,0.03,0.92
-2.67,0.19,0.69
-2.62,0.27,0.72
-2.60,0.29,0.70
-2.57,0.29,0.55
-2.66,0.33,0.42
-2.47,0.29,0.26
-2.50,0.21,0.10
-2.49,0.20,-0.13
-2.22,0.05,-0.24
-2.22,0.14,-0.31
-2.03,0.18,-0.37
-1.92,0.26,-0.54
-1.81,0.43,-0.55
-1.75,0.57,-0.56
-1.63,0.95,-0.40
-1.55,1.10,-0.53
-1.53,1.34,-0.49
-1.48,1.45,-0.44
-1.47,1.54,-0.34
-1.13,1.45,-0.37
-1.28,1.42,-0.32
-1.16,1.22,-0.18
-1.13,1.05,-0.10
-1.06,0.75,-0.22
-1.03,0.55,-0.07
-0.92,0.43,-0.03
-1.03,0.18,0.11
-1.03,0.20,0.11
-1.20,0.13,0.19
-1.16,0.15,0.11
-1.24,0.40,0.00
-1.35,0.29,0.10
-1.34,0.47,0.02
-1.31,0.77,-0.06
-1.50,0.79,-0.25
-1.51,0.89,-0.29
-1.59,0.99,-0.35
-1.77,1.06,-0.51
-1.71,0.96,-0.58
-1.63,0.82,-0.77
-1.76,0.53,-0.82
-1.76,0.43,-0.90
-1.77,0.37,-1.08
-1.79,0.15,-1.19
-1.80,0.17,-1.17
-1.77,-0.03,-1.15
-1.91,0.13,-1.10
-2.04,0.14,-1.17
-2.20,0.29,-1.05
-2.18,0.39,-0.90
-2.14,0.43,-0.82
-2.17,0.50,-0.46
-2.26,0.53,-0.51
-2.19,0.61,-0.24
-2.20,0.53,-0.13
-2.03,0.35,0.23
-2.01,0.41,0.31
-2.17,0.46,0.40
-2.04,0.50,0.48
-2.12,0.53,0.72
-2.14,0.57,0.69
-1.99,0.45,0.85
-2.09,0.55,0.71
-2.17,0.59,0.75
-1.98,0.56,0.60
-1.97,0.60,0.37
-1.85,0.51,0.23
-1.88,0.63,0.24
-1.90,0.37,0.00
-1.86,0.35,-0.14
-1.87,0.32,-0.34
-1.80,0.32,-0.45
-1.86,0.23,-0.56
-1.79,0.32,-0.66
-1.69,0.30,-0.72
-1.73,0.26,-0.89
-1.82,0.28,-0.85
-1.75,0.40,-0.73
-1.66,0.29,-0.72
-1.70,0.45,-0.64
-1.80,0.29,-0.45
-1.85,0.38,-0.17
-1.84,0.14,-0.12
-1.84,-0.03,0.02
-1.91,-0.18,0.11
-2.04,-0.21,0.17
-1.89,-0.48,0.30
-1.96,-0.57,0.45
-2.12,-0.62,0.30
-2.25,-0.65,0.42
-2.16,-0.66,0.53
-2.32,-0.63,0.50
-2.32,-0.51,0.56
-2.37,-0.47,0.45
-2.38,-0.40,0.53
-2.40,-0.26,0.32
-2.33,-0.25,0.25
-2.42,-0.37,0.07
-2.29,-0.35,0.03
-2.34,-0.42,-0.04
-2.10,-0.41,-0.18
-2.25,-0.42,-0.21
-2.09,-0.47,-0.31
-2.00,-0.57,-0.48
-2.09,-0.53,-0.58
-1.87,-0.47,-0.68
-1.81,-0.64,-0.67
-1.75,-0.35,-0.73
-1.58,-0.41,-0.87
-1.45,-0.37,-1.03
-1.40,-0.26,-0.98
-1.46,-0.09,-0.96
-1.39,0.02,-1.00
-1.31,0.28,-0.92
-1.28,0.39,-0.84
-1.26,0.65,-0.90
-1.34,0.78,-0.74
-1.35,0.87,-0.60
-1.37,0.94,-0.60
-1.30,0.94,-0.16
-1.27,0.93,-0.28
-1.38,0.73,0.10
-1.32,0.66,0.16
-1.22,0.48,0.10
-1.21,0.31,0.22
-1.26,0.13,0.26
-1.27,0.03,0.54
-1.32,0.15,0.37
-1.47,0.11,0.34
-1.46,0.15,0.45
-1.59,0.31,0.30
-1.64,0.27,0.10
-1.78,0.29,-0.02
-1.79,0.38,-0.15
-1.77,0.33,-0.34
-1.98,0.15,-0.38
-2.03,0.26,-0.51
-2.04,0.08,-0.59
-2.18,0.13,-0.61
-2.24,0.07,-0.70
-2.53,0.13,-0.71
-2.45,0.10,-0.72
-2.60,0.26,-0.72
-2.74,0.44,-0.65
-2.77,0.42,-0.51
-2.88,0.44,-0.37
-2.85,0.61,-0.32
-2.96,0.72,-0.18
-2.99,0.68,0.02
-3.07,0.76,0.11
-2.96,0.87,0.33
-3.02,1.06,0.41
-2.87,1.05,0.60
-2.82,1.17,0.55
-2.62,1.09,0.71
-2.54,1.13,0.66
-2.27,1.14,0.56
-2.18,1.16,0.50
-1.88,1.16,0.23
-1.79,1.14,0.17
-1.52,1.01,0.14
-1.46,0.99,-0.18
-1.52,1.06,-0.27
-1.29,1.15,-0.46
-1.42,1.07,-0.48
-1.63,1.17,-0.72
-1.58,1.25,-0.76
-1.69,1.38,-0.73
-1.91,1.39,-0.98
-2.30,1.63,-1.01
-2.72,1.80,-1.17
-3.02,2.04,-1.31
-3.23,2.55,-1.49
-3.41,2.87,-1.42
-3.73,3.36,-1.80
-3.91,3.57,-2.01
-3.88,3.96,-2.07
-3.84,4.35,-2.40
-3.62,4.59,-2.51
-3.30,4.75,-2.79
-2.74,4.84,-2.82
-2.39,5.23,-3.05
-1.45,5.43,-3.07
-0.67,5.64,-2.94
-0.25,5.63,-2.86
0.86,5.66,-2.52
1.68,5.58,-2.38
2.75,5.29,-1.93
3.53,5.13,-1.55
4.04,5.16,-1.30
4.74,4.85,-1.00
5.14,4.67,-0.54
5.34,4.13,-0.16
6.05,4.17,0.04
5.13,3.70,0.47
4.74,3.45,0.71
4.28,3.20,0.99
2.83,2.61,1.12
2.45,2.48,1.02
1.27,2.29,0.97
-0.76,1.58,0.84
-1.83,1.23,0.58
-3.25,0.84,0.48
-4.11,0.76,0.24
-4.50,0.43,0.04
-5.69,-0.23,-0.07
-6.43,-0.61,-0.36
-7.59,-0.86,-0.35
-8.58,-1.21,-0.50
-9.26,-1.44,-0.55
-10.16,-1.65,-0.85
-10.77,-1.74,-0.81
-11.42,-1.50,-0.66
-11.95,-1.26,-0.63
-12.18,-1.11,-0.63
-12.41,-1.08,-0.53
-12.32,-1.02,-0.54
-11.68,-0.79,-0.51
-10.99,-0.66,-0.40
-9.91,-0.63,-0.50
-8.59,-0.53,-0.36
-7.44,-0.64,-0.37
-5.96,-0.65,-0.42
-4.44,-0.56,-0.37
-3.02,-0.46,-0.37
-1.53,-0.06,-0.42
-0.24,0.15,-0.15
1.13,0.65,-0.32
2.43,1.06,-0.02
3.66,1.74,0.11
4.65,2.28,0.17
5.50,2.46,0.30
6.41,2.77,0.49
6.92,2.90,0.60
7.57,2.92,0.71
7.77,2.93,0.76
7.79,2.72,0.87
7.59,2.65,0.65
7.06,2.25,0.62
6.39,2.14,0.56
5.68,2.03,0.44
4.74,1.90,0.31
3.62,1.82,-0.02
2.45,1.58,-0.16
1.30,1.85,-0.31
-0.19,1.64,-0.58
-1.16,1.63,-0.84
-2.48,1.49,-1.06
-3.47,1.35,-1.25
-4.49,1.06,-1.45
-5.43,0.74,-1.38
-6.26,0.48,-1.38
-6.90,0.34,-1.32
-7.44,0.18,-1.37
-8.03,0.18,-1.18
-8.34,0.07,-0.92
-8.68,0.31,-0.73
-9.07,0.41,-0.52
-9.16,0.60,-0.18
-9.07,1.04,-0.10
-8.85,1.41,0.12
-8.51,1.68,0.26
-8.05,2.01,0.27
-7.03,2.00,0.45
-6.37,2.11,0.38
-5.41,1.96,0.51
-4.35,1.82,0.55
-3.31,1.57,0.50
-2.39,1.62,0.26
-1.43,1.25,0.21
-0.52,1.24,-0.00
0.31,1.47,-0.07
1.35,1.81,-0.18
2.32,2.01,-0.39
2.18,2.49,-0.52
2.74,2.38,-0.48
3.57,2.99,-0.53
3.49,2.78,-0.39
4.38,3.00,-0.45
4.85,2.84,-0.33
4.64,2.58,-0.29
5.06,2.71,-0.42
4.54,2.44,-0.18
4.31,2.46,-0.04
4.13,2.51,0.01
3.40,2.46,0.15
2.88,2.61,0.23
1.91,2.49,0.15
1.24,2.30,0.16
0.51,2.18,0.04
-0.40,1.85,-0.03
-1.11,1.60,-0.10
-1.81,0.91,-0.24
-2.52,0.27,-0.19
-3.03,-0.41,-0.18
-3.53,-0.90,-0.34
-4.14,-1.81,-0.43
-4.35,-2.21,-0.57
-4.85,-2.78,-0.56
-5.05,-2.93,-0.63
-5.30,-3.20,-0.52
-5.58,-2.99,-0.40
-5.66,-2.85,-0.30
-5.87,-2.56,-0.06
-5.82,-2.41,0.01
-5.86,-2.12,0.16
-5.87,-2.09,0.21
-5.54,-2.12,0.32
-5.42,-2.18,0.47
-5.16,-2.40,0.42
-4.74,-2.54,0.30
-4.34,-2.73,0.29
-4.16,-2.88,0.22
-3.78,-2.82,0.35
-3.30,-2.59,0.11
-2.94,-2.39,0.08
-2.42,-2.35,0.15
-2.06,-2.07,-0.12
-1.48,-1.74,-0.17
-1.13,-1.50,-0.16
-0.78,-1.09,-0.28
-0.37,-0.98,-0.38
-0.02,-0.77,-0.31
0.41,-0.75,-0.24
0.52,-0.56,-0.19
0.81,-0.56,-0.33
1.15,-0.43,-0.24
1.34,-0.48,-0.06
1.35,-0.58,-0.06
1.27,-0.50,0.16
1.25,-0.68,0.25
1.16,-0.68,0.38
1.01,-0.77,0.56
0.68,-0.81,0.41
0.24,-1.00,0.58
-0.07,-1.11,0.70
-0.55,-1.05,0.87
-1.06,-1.25,0.74
-1.56,-1.38,0.82
-2.24,-1.26,0.80
-2.82,-1.41,0.76
-3.26,-1.35,0.69
-4.18,-1.48,0.80
-4.46,-1.42,0.53
-4.82,-1.34,0.53
-5.25,-1.35,0.37
-5.54,-1.30,0.24
-5.71,-1.16,0.07
-5.98,-0.95,-0.07
-6.04,-0.60,-0.27
-6.10,-0.44,-0.21
-6.12,-0.08,-0.46
-6.03,0.19,-0.42
-5.71,0.27,-0.50
-5.44,0.44,-0.63
-4.96,0.50,-0.59
-4.36,0.46,-0.66
-3.68,0.47,-0.59
-3.05,0.31,-0.42
-2.24,0.33,-0.26
-1.52,0.30,-0.02
-0.87,0.33,0.11
-0.30,0.30,0.14
0.39,0.50,0.29
1.04,0.70,0.43
1.53,0.92,0.46
1.89,1.05,0.49
2.06,1.33,0.56
2.45,1.69,0.66
2.66,1.93,0.69
2.73,2.01,0.47
2.75,2.16,0.37
2.61,2.21,0.26
2.56,2.11,0.00
2.38,1.95,-0.03
2.10,1.68,-0.21
1.73,1.37,-0.22
1.36,1.19,-0.26
0.96,0.94,-0.43
0.48,0.68,-0.52
-0.22,0.49,-0.58
-0.67,0.21,-0.49
-1.17,0.12,-0.50
-1.63,0.07,-0.50
-2.34,-0.16,-0.43
-2.86,-0.29,-0.46
-3.38,-0.34,-0.33
-3.94,-0.66,-0.26
-4.21,-0.73,-0.28
-4.62,-0.95,-0.37
-4.65,-1.09,-0.21
-5.05,-1.38,-0.34
-5.12,-1.49,-0.40
-4.99,-1.63,-0.36
-5.05,-1.87,-0.29
-4.81,-1.97,-0.39
-4.56,-2.14,-0.41
-4.35,-2.09,-0.47
-3.96,-2.08,-0.29
-3.75,-2.02,-0.39
-3.11,-1.92,-0.24
-2.78,-1.71,-0.22
-2.50,-1.56,-0.17
-1.96,-1.27,-0.24
-1.48,-0.92,-0.17
-1.08,-0.69,-0.05
-0.69,-0.47,-0.19
-0.19,-0.31,-0.13
0.34,-0.19,-0.03
0.57,-0.25,-0.05
0.95,-0.35,-0.02
1.43,-0.50,0.13
1.55,-0.59,0.10
1.80,-0.98,0.19
1.77,-1.11,0.20
1.76,-1.39,0.18
1.56,-1.41,0.25
1.44,-1.62,0.23
1.07,-1.61,0.26
0.74,-1.59,0.21
0.40,-1.51,0.21
-0.19,-1.48,0.16
-0.70,-1.58,0.19
-1.20,-1.63,0.06
-1.64,-1.97,0.06
-2.13,-1.95,0.02
-2.52,-2.34,0.03
-2.86,-2.61,-0.17
-3.30,-3.04,-0.18
-3.70,-3.34,-0.08
-4.01,-3.67,-0.15
-4.24,-3.98,-0.07
-4.52,-3.94,-0.20
-4.73,-3.97,-0.14
-4.86,-4.22,-0.16
-5.02,-4.25,-0.09
-5.06,-4.26,-0.21
-5.12,-4.16,-0.11
-5.04,-4.14,-0.22
-4.62,-3.97,-0.26
-4.50,-4.02,-0.15
-4.02,-3.75,-0.25
-3.67,-3.55,-0.25
-3.33,-3.41,-0.20
-2.98,-2.98,-0.24
-2.34,-2.61,-0.42
-2.13,-2.35,-0.18
-1.59,-1.97,-0.19
-1.30,-1.56,-0.31
-0.69,-1.27,-0.27
-0.28,-1.07,-0.23
0.35,-1.04,-0.29
0.64,-0.83,-0.28
0.97,-0.85,-0.42
1.46,-0.79,-0.36
1.53,-0.82,-0.42
1.79,-0.68,-0.41
1.94,-0.62,-0.36
1.84,-0.45,-0.38
1.77,-0.53,-0.47
1.49,-0.40,-0.40
1.50,-0.28,-0.47
1.00,-0.26,-0.33
0.57,0.02,-0.25
0.24,-0.16,-0.16
-0.21,-0.22,-0.05
-0.69,-0.16,0.00
-1.37,-0.08,0.08
-1.87,-0.12,0.11
-2.35,-0.16,0.25
-3.03,-0.17,0.26
-3.49,-0.17,0.34
-3.93,-0.20,0.17
-4.36,-0.28,0.23
-4.69,-0.38,0.23
-4.92,-0.47,0.29
-5.27,-0.52,0.20
-5.37,-0.75,0.22
-5.42,-0.97,0.03
-5.42,-1.09,-0.10
-5.36,-1.16,-0.20
-5.14,-1.02,-0.18
-4.92,-1.21,-0.45
-4.48,-1.03,-0.37
-4.34,-0.95,-0.61
-3.93,-0.66,-0.66
-3.52,-0.52,-0.66
-3.19,-0.36,-0.79
-2.59,-0.16,-0.87
-2.23,-0.05,-0.71
-1.79,0.13,-0.71
-1.24,0.18,-0.60
-0.77,0.32,-0.52
-0.41,0.40,-0.45
0.25,0.56,-0.26
0.55,0.56,-0.04
0.86,0.75,0.06
1.06,0.72,0.15
1.27,0.99,0.18
1.64,1.00,0.22
1.67,1.19,0.51
1.76,1.16,0.54
1.87,1.18,0.66
1.69,1.29,0.60
1.53,1.20,0.76
1.41,1.06,0.63
1.23,0.76,0.71
0.91,0.58,0.53
0.49,0.22,0.49
0.25,-0.01,0.30
-0.14,-0.29,0.04
-0.48,-0.56,-0.13
-1.10,-0.90,-0.32
-1.54,-1.10,-0.58
-2.03,-1.22,-0.73
-2.44,-1.43,-0.95
-2.93,-1.62,-1.03
-3.25,-1.86,-1.11
-3.65,-1.95,-1.14
-3.91,-2.04,-1.14
-4.18,-2.24,-1.14
-4.28,-2.27,-1.16
-4.41,-2.48,-0.96
-4.75,-2.52,-1.02
-4.69,-2.52,-0.68
-4.71,-2.59,-0.47
-4.65,-2.67,-0.42
-4.53,-2.51,-0.03
-4.59,-2.49,0.05
-4.18,-2.34,0.24
-4.07,-2.19,0.34
-3.62,-2.03,0.63
-3.29,-1.92,0.78
-2.77,-1.79,0.79
-2.41,-1.43,0.82
-1.97,-1.42,0.86
-1.48,-1.30,0.85
-1.01,-1.34,0.70
-0.54,-1.18,0.56
-0.02,-1.22,0.45
0.25,-1.37,0.41
0.56,-1.29,0.12
0.93,-1.20,-0.14
1.10,-1.21,-0.29
1.24,-1.10,-0.32
1.18,-0.98,-0.57
1.24,-0.93,-0.53
1.14,-0.96,-0.58
1.03,-0.87,-0.58
0.68,-0.77,-0.68
0.40,-0.83,-0.58
0.11,-0.93,-0.60
-0.17,-1.09,-0.56
-0.55,-1.13,-0.42
-0.64,-1.21,-0.25
-1.03,-1.28,-0.32
-1.40,-1.40,-0.02
-1.82,-1.43,0.00
-2.03,-1.54,0.06
-2.37,-1.63,0.13
-2.67,-1.77,0.22
-2.84,-1.96,0.39
-2.97,-2.02,0.24
-3.10,-2.11,0.28
-3.47,-2.29,0.48
-3.33,-2.43,0.48
-3.51,-2.57,0.37
-3.52,-2.62,0.41
-3.73,-2.52,0.46
-3.66,-2.35,0.39
-3.81,-2.11,0.50
-3.54,-1.89,0.48
-3.55,-1.53,0.48
-3.23,-1.26,0.40
-3.16,-0.90,0.32
-2.84,-0.81,0.28
-2.34,-0.67,0.32
-1.99,-0.52,0.19
-1.61,-0.48,0.14
-1.16,-0.37,0.24
-0.97,-0.24,0.08
-0.54,-0.28,-0.11
-0.29,-0.38,-0.05
-0.20,-0.21,-0.07
-0.10,-0.24,-0.11
-0.02,-0.31,-0.07
0.20,-0.25,0.11
-0.02,-0.17,-0.04
0.15,-0.15,0.03
-0.06,-0.18,0.05
-0.21,-0.13,-0.02
-0.28,-0.10,-0.04
-0.54,0.05,-0.07
-0.69,0.25,-0.37
-0.77,0.57,-0.48
-1.48,0.73,-0.57
-1.57,1.11,-0.57
-2.04,1.65,-0.84
-2.32,1.93,-0.87
-2.33,2.42,-0.91
-2.59,2.60,-1.09
-2.74,2.75,-1.14
-2.49,2.67,-1.16
-2.47,2.24,-1.29
-2.21,2.03,-1.30
-1.83,1.27,-1.44
-1.53,0.93,-1.34
-1.17,0.62,-1.26
-0.98,0.14,-1.06
-0.63,-0.03,-1.07
-0.50,-0.28,-0.83
-0.46,-0.36,-0.83
-0.27,-0.42,-0.63
-0.42,-0.38,-0.31
-0.32,-0.25,-0.15
-0.44,-0.35,0.12
-0.62,-0.25,0.29
-0.70,-0.41,0.51
-0.65,-0.37,0.65
-1.01,-0.69,0.76
-1.02,-0.89,0.78
-1.27,-1.11,0.84
-1.53,-1.38,0.58
-1.62,-1.40,0.47
-1.84,-1.51,0.30
-2.16,-1.61,-0.07
-2.32,-1.53,-0.09
-2.62,-1.45,-0.37
-2.72,-1.44,-0.55
-3.03,-1.23,-0.91
-3.29,-1.18,-1.03
-3.38,-1.17,-1.16
-3.50,-1.13,-1.20
-3.49,-1.16,-1.15
-3.37,-1.19,-1.12
-3.45,-1.20,-0.90
-3.43,-1.23,-0.78
-3.35,-1.19,-0.56
-3.25,-1.07,-0.26
-3.18,-0.97,0.04
-3.19,-0.89,0.24
-3.21,-0.74,0.60
-3.04,-0.62,0.71
-2.74,-0.51,1.02
-2.69,-0.39,1.17
-2.48,-0.40,1.24
-2.14,-0.24,1.37
-1.85,-0.31,1.37
-1.75,-0.18,1.21
-1.46,-0.24,1.01
-1.21,-0.30,1.01
-1.08,0.14,0.73
-0.75,0.04,0.42
-0.69,0.41,0.26
-0.58,0.45,0.01
-0.53,0.71,-0.32
-0.30,0.95,-0.64
-0.43,1.29,-0.92
-0.40,1.24,-1.18
-0.34,1.43,-1.10
-0.55,1.42,-1.34
-0.71,1.43,-1.19
-0.72,1.38,-1.24
-0.97,1.21,-1.15
-1.07,1.19,-0.97
-1.28,1.08,-0.90
-1.58,1.08,-0.48
-1.72,1.02,-0.17
-2.17,1.19,-0.00
-2.25,1.07,0.26
-2.38,1.10,0.45
-2.54,1.19,0.63
-2.63,1.39,0.62
-2.80,1.34,0.88
-2.81,1.51,0.80
-2.72,1.47,0.78
-2.75,1.66,0.57
-2.59,1.53,0.53
-2.74,1.48,0.31
-2.44,1.47,0.01
-2.32,1.48,-0.21
-2.10,1.50,-0.43
-2.03,1.34,-0.72
-1.61,1.38,-0.97
-1.46,1.41,-1.20
-1.51,1.35,-1.34
-1.30,1.38,-1.53
-1.08,1.16,-1.58
-1.11,1.03,-1.72
-0.73,0.97,-1.53
-0.75,0.77,-1.44
-0.54,0.49,-1.15
-0.72,0.39,-0.81
-0.57,0.06,-0.53
-0.53,0.00,-0.14
-0.68,-0.23,0.06
-0.66,-0.29,0.59
-0.77,-0.39,0.96
-0.91,-0.39,1.34
-1.20,-0.37,1.66
-1.35,-0.32,1.83
-1.68,0.04,1.93
-2.01,0.07,2.08
-2.29,0.24,2.07
-2.54,0.34,1.96
-2.85,0.39,1.89
-2.99,0.37,1.76
-3.11,0.21,1.47
-3.27,0.04,1.14
-3.31,-0.10,0.74
-3.15,-0.33,0.42
-2.96,-0.83,0.14
-2.80,-1.16,-0.11
-2.65,-1.43,-0.42
-2.27,-2.03,-0.56
-1.88,-2.49,-0.63
-1.49,-3.13,-0.78
-1.16,-3.56,-0.92
-0.85,-4.23,-1.05
-0.59,-4.68,-0.81
-0.37,-5.12,-0.88
-0.25,-5.56,-0.53
-0.06,-5.89,-0.30
0.02,-6.09,-0.10
-0.20,-5.94,0.37
-0.54,-5.95,0.70
-0.76,-5.67,1.07
-1.41,-5.37,1.47
-1.90,-4.91,1.68
-2.75,-4.44,1.86
-3.51,-3.95,1.93
-4.34,-3.35,2.04
-4.92,-2.53,1.93
-5.65,-1.90,1.90
-6.20,-1.25,1.57
-6.90,-0.76,1.29
-7.13,-0.29,1.07
-7.28,0.08,0.59
-7.35,0.36,0.16
-7.25,0.46,-0.48
-6.89,0.62,-1.08
-6.56,0.74,-1.50
-6.20,0.72,-2.01
-5.48,0.88,-2.52
-4.79,1.23,-2.88
-3.57,1.95,-3.01
-2.75,2.66,-3.02
-1.67,3.13,-3.07
-0.81,3.55,-2.96
0.18,3.70,-2.74
1.24,4.14,-2.36
2.30,4.42,-2.03
3.24,4.28,-1.65
4.20,3.98,-1.25
5.02,4.03,-0.77
5.36,3.89,-0.35
5.73,3.96,0.00
6.11,4.07,0.58
6.06,4.36,0.89
6.09,4.88,1.16
5.78,5.00,1.38
5.33,4.91,1.55
4.80,4.62,1.49
4.01,4.26,1.35
3.33,3.78,1.15
2.67,3.09,0.76
1.72,2.22,0.51
0.88,1.36,0.22
-0.07,0.56,-0.27
-0.95,-0.22,-0.42
-1.82,-0.92,-0.76
-2.68,-1.27,-0.90
-3.62,-1.54,-1.09
-4.52,-1.74,-1.34
-5.09,-1.79,-1.35
-5.92,-1.95,-1.44
-6.58,-2.09,-1.38
-6.98,-2.26,-1.27
-7.29,-2.43,-1.30
-7.78,-2.67,-1.13
-8.01,-2.98,-1.09
-8.10,-3.16,-0.85
-7.84,-3.25,-0.73
-7.72,-3.41,-0.30
-7.40,-3.71,-0.07
-7.31,-4.09,0.19
-6.78,-4.20,0.41
-6.50,-4.15,0.64
-6.12,-4.15,0.87
-5.53,-4.10,0.91
-5.20,-3.99,1.15
-4.53,-3.77,1.31
-3.99,-3.41,1.35
-3.32,-3.04,1.39
-2.78,-2.58,1.33
-2.12,-2.07,1.29
-1.72,-1.41,1.05
-0.93,-0.72,0.90
-0.34,-0.16,0.64
0.25,0.20,0.57
0.82,0.61,0.16
1.39,1.08,-0.19
1.69,1.34,-0.65
1.94,1.51,-0.95
2.11,1.86,-1.46
2.39,2.14,-1.68
2.82,2.46,-1.96
2.82,2.50,-2.11
2.69,2.40,-2.40
2.45,2.14,-2.28
2.45,2.18,-2.30
2.27,1.95,-2.29
2.18,1.59,-2.23
2.04,1.36,-2.26
1.56,1.06,-2.11
1.22,0.85,-1.97
0.65,0.79,-1.93
-0.09,1.10,-1.77
-0.40,1.27,-1.43
-1.03,1.65,-1.16
-1.26,1.73,-0.98
-1.66,1.83,-0.55
-2.00,1.67,-0.43
-2.07,1.26,-0.20
-2.44,0.67,-0.05
-2.70,-0.28,0.16
-3.00,-1.00,0.37
-3.18,-1.95,0.45
-3.46,-2.71,0.50
-3.75,-3.58,0.70
-4.07,-4.08,0.93
-4.35,-4.30,0.95
-4.64,-4.25,0.95
-4.87,-4.03,0.93
-5.18,-3.69,0.93
-5.28,-3.40,0.94
-5.48,-2.77,0.89
-5.46,-2.27,0.78
-5.51,-1.78,0.61
-5.51,-1.57,0.34
-5.54,-1.38,0.16
-5.49,-1.24,-0.25
-5.26,-1.16,-0.48
-5.11,-0.87,-0.85
-4.92,-0.53,-1.11
-4.70,-0.14,-1.34
-4.30,0.37,-1.56
-4.00,1.04,-1.72
-3.56,1.60,-1.70
-3.09,2.26,-1.75
-2.58,2.75,-1.75
-1.92,3.17,-1.88
-1.28,3.61,-1.75
-0.40,3.88,-1.76
0.27,3.75,-1.65
0.97,3.89,-1.56
1.72,4.05,-1.32
2.33,3.98,-1.19
2.91,4.01,-1.24
3.43,4.29,-1.22
3.65,4.24,-1.12
3.85,4.30,-0.74
4.14,4.32,-0.63
4.25,4.26,-0.49
4.59,4.02,-0.29
4.61,3.49,-0.05
4.59,2.74,0.10
4.48,1.84,0.39
4.20,0.90,0.50
3.71,-0.19,0.46
3.16,-1.22,0.72
2.56,-2.35,0.43
1.58,-2.91,0.67
0.68,-3.48,0.71
-0.42,-3.86,0.82
-1.57,-3.79,0.63
-2.70,-3.69,0.68
-3.86,-3.29,0.82
-4.96,-3.06,0.70
-6.00,-2.62,0.73
-7.07,-2.50,0.60
-7.77,-2.51,0.37
-8.72,-2.74,0.36
-9.16,-3.07,0.32
-9.81,-3.57,0.33
-10.09,-4.08,0.27
-10.11,-4.46,0.16
-10.27,-4.80,0.29
-10.04,-5.15,0.23
-10.09,-4.89,0.34
-9.69,-4.75,0.39
-9.40,-4.28,0.40
-8.88,-3.50,0.42
-8.37,-2.63,0.41
-7.74,-1.81,0.24
-6.92,-0.82,0.19
-6.09,0.05,0.27
-4.98,0.68,-0.07
-3.62,1.21,-0.09
-2.49,1.68,-0.40
-1.05,1.86,-0.61
0.26,2.13,-0.66
1.45,2.19,-0.97
2.82,2.38,-1.13
3.81,2.51,-1.29
4.79,2.71,-1.45
5.58,3.01,-1.48
6.30,3.55,-1.34
6.79,3.85,-1.56
7.40,4.02,-1.37
7.22,4.14,-1.45
7.41,4.35,-1.26
7.28,4.43,-1.11
6.88,4.27,-0.96
6.53,4.14,-0.90
5.89,3.75,-0.64
5.25,3.51,-0.52
4.37,3.36,-0.29
3.48,2.93,-0.07
2.49,2.63,0.14
1.42,2.56,0.21
0.10,2.46,0.39
-1.14,2.23,0.42
-2.32,1.84,0.48
-3.59,1.71,0.64
-4.51,1.40,0.51
-5.63,1.07,0.48
-6.33,0.40,0.47
-7.08,-0.12,0.05
-7.65,-0.85,-0.09
-8.15,-1.59,-0.39
-8.45,-2.32,-0.53
-8.53,-3.12,-0.60
-8.61,-3.56,-0.85
-8.56,-4.01,-1.05
-8.34,-4.52,-1.11
-8.02,-4.65,-1.16
-7.69,-4.65,-1.02
-7.39,-4.59,-0.93
-6.82,-4.34,-0.79
-6.40,-4.03,-0.54
-5.78,-3.80,-0.27
-5.27,-3.69,-0.18
-4.72,-3.04,0.11
-3.91,-2.80,0.34
-3.32,-2.57,0.52
-2.53,-2.22,0.65
-1.60,-2.12,0.77
-1.05,-1.77,0.76
-0.23,-1.32,0.93
0.21,-1.09,0.85
0.80,-0.68,0.84
1.37,-0.45,0.84
1.78,-0.02,0.71
1.97,0.31,0.57
2.42,0.47,0.40
2.49,0.80,0.29
2.62,1.06,-0.09
2.72,1.26,-0.16
2.70,1.47,-0.27
2.49,1.84,-0.46
2.29,2.04,-0.65
1.84,2.10,-0.95
1.59,2.28,-1.02
1.02,2.42,-1.14
0.60,2.62,-1.24
0.26,2.54,-1.34
-0.18,2.61,-1.63
-0.49,2.46,-1.66
-0.95,2.19,-1.73
-1.25,2.07,-1.76
-1.63,1.88,-1.98
-1.82,1.75,-1.83
-2.03,1.46,-1.90
-2.30,1.30,-1.84
-2.43,0.87,-1.79
-2.73,0.57,-1.77
-2.71,0.47,-1.66
-2.92,0.18,-1.34
-3.08,0.06,-1.21
-3.11,-0.07,-0.94
-3.25,-0.18,-0.51
-3.20,-0.52,-0.13
-3.28,-0.63,0.09
-3.42,-0.79,0.36
-3.43,-1.03,0.66
-3.54,-1.27,0.89
-3.40,-1.18,1.23
-3.35,-1.34,1.37
-3.34,-1.16,1.41
-3.30,-1.06,1.47
-3.04,-0.86,1.44
-3.18,-0.64,1.46
-2.93,-0.34,1.26
-2.92,-0.00,1.07
-2.85,0.08,0.89
-2.87,0.33,0.84
-2.70,0.45,0.52
-2.54,0.50,0.47
-2.52,0.32,0.28
-2.37,0.23,0.20
-2.33,0.24,0.08
-2.14,0.29,0.12
-2.03,0.22,0.27
-2.06,0.34,0.39
-2.20,0.43,0.56
-2.15,0.80,0.68
-2.29,1.23,0.92
-2.41,1.44,1.04
-2.48,1.92,1.19
-2.54,2.34,1.45
-2.51,2.61,1.54
-2.51,2.72,1.63
-2.48,2.93,1.68
-2.38,3.05,1.56
-2.27,3.11,1.66
-2.20,3.18,1.57
-2.11,3.04,1.42
-2.01,3.14,1.39
-2.00,3.29,1.17
-1.85,3.31,0.89
-1.84,3.28,0.78
-1.93,3.33,0.52
-1.99,3.27,0.14
-1.96,3.46,0.04
-1.74,3.54,-0.03
-1.73,3.52,-0.12
-1.75,3.50,-0.30
-1.90,3.46,-0.35
-1.85,3.33,-0.37
-1.95,3.23,-0.27
-1.94,3.15,-0.19
-2.17,3.55,-0.04
-2.44,3.46,-0.18
-2.35,3.72,0.07
-2.55,3.75,0.21
-2.60,3.99,0.31
-2.58,4.12,0.53
-2.78,4.25,0.64
-2.53,4.30,0.64
-2.42,4.28,0.79
-2.57,3.96,0.63
-2.77,3.45,0.37
-2.96,3.34,0.29
-2.85,3.48,0.31
-2.50,3.59,-0.01
-2.02,3.71,-0.37
-1.61,3.73,-0.51
-1.34,3.77,-0.74
-1.29,3.50,-1.04
-1.27,3.21,-1.42
-1.33,3.04,-1.76
-1.29,2.85,-2.06
-1.09,2.65,-2.10
-0.88,2.50,-2.25
-0.66,2.03,-2.10
-0.71,1.87,-1.99
-0.56,1.45,-1.74
-0.60,1.10,-1.45
-0.69,0.98,-1.35
-0.58,0.69,-1.00
-0.44,0.62,-0.96
-0.55,0.53,-0.53
-0.48,0.44,-0.21
-0.82,0.45,0.14
-1.11,0.60,0.40
-1.61,0.67,0.77
-1.86,0.79,0.89
-2.04,0.90,1.03
-2.11,1.00,1.03
-2.12,0.85,0.97
-2.16,0.69,0.97
-2.22,0.55,0.89
-2.41,0.18,0.66
-2.52,-0.10,0.38
-2.65,-0.36,0.12
-2.79,-0.67,-0.21
-2.82,-0.87,-0.51
-2.87,-1.09,-0.78
-2.83,-1.21,-1.12
-3.02,-1.16,-1.42
-3.02,-1.29,-1.49
-3.22,-1.19,-1.59
-3.08,-1.14,-1.72
-3.12,-1.13,-1.69
-2.97,-1.09,-1.59
-2.76,-1.01,-1.36
-2.58,-1.05,-1.24
-2.33,-0.98,-1.17
-2.04,-0.90,-0.90
-2.06,-0.86,-0.88
-1.70,-0.81,-0.61
-1.71,-0.52,-0.42
-1.40,-0.35,-0.32
-1.11,-0.27,-0.21
-1.03,-0.14,-0.10
-0.89,-0.08,0.03
-0.93,-0.04,-0.06
-0.50,-0.23,0.06
-0.47,-0.61,-0.02
-0.21,-0.69,-0.24
-0.11,-1.16,-0.21
0.01,-1.39,-0.41
0.01,-1.57,-0.49
-0.04,-1.88,-0.54
-0.20,-1.76,-0.55
-0.31,-1.66,-0.68
-0.42,-1.50,-0.71
-0.87,-1.29,-0.76
-1.06,-1.11,-0.72
-1.18,-0.83,-0.83
-1.51,-0.46,-0.87
-1.63,-0.25,-0.91
-1.84,-0.31,-0.92
-2.02,-0.42,-0.93
-1.98,-0.61,-0.95
-2.10,-0.75,-1.04
-2.32,-0.91,-0.93
-2.31,-1.49,-0.90
-2.16,-1.67,-1.01
-2.22,-1.98,-0.93
-2.37,-2.24,-0.89
-2.21,-2.37,-0.76
-2.10,-2.49,-0.78
-2.03,-2.49,-0.58
-2.03,-2.54,-0.49
-1.99,-2.49,-0.35
-1.87,-2.36,-0.28
-1.87,-2.25,-0.11
-1.92,-2.25,-0.02
-1.97,-2.41,0.07
-1.86,-2.42,0.25
-1.96,-2.40,0.38
-2.03,-2.46,0.42
-2.05,-2.48,0.33
-2.01,-2.29,0.35
-2.21,-2.45,0.31
-2.13,-2.46,0.18
-2.20,-2.39,-0.06
-2.26,-2.34,-0.31
-2.35,-2.11,-0.32
-2.27,-2.05,-0.74
-2.49,-1.88,-1.00
-2.29,-1.59,-1.17
-2.34,-1.31,-1.41
-2.42,-1.13,-1.69
-2.45,-0.78,-1.67
-2.48,-0.35,-1.74
-2.61,0.18,-1.92
-2.54,0.63,-1.80
-2.74,1.26,-1.76
-2.66,1.65,-1.58
-2.83,2.33,-1.39
-2.92,2.94,-1.43
-2.80,3.16,-1.01
-2.87,3.71,-1.14
-2.74,4.17,-0.98
-2.55,4.42,-0.77
-2.48,4.75,-0.81
-1.99,5.09,-0.66
-1.64,5.00,-0.60
-1.40,5.28,-0.75
-0.92,5.39,-0.77
-0.55,5.53,-0.64
-0.12,5.66,-0.93
0.23,5.59,-1.01
0.81,5.68,-1.03
1.17,5.68,-1.08
1.77,5.53,-1.32
2.06,5.14,-1.16
2.54,4.86,-1.21
2.98,4.32,-1.26
3.30,3.74,-1.25
3.46,3.27,-1.09
3.68,2.63,-1.10
3.71,1.96,-1.00
3.60,1.42,-0.85
3.49,0.91,-0.70
3.11,0.28,-0.50
2.86,-0.01,-0.31
2.17,-0.47,-0.12
1.52,-0.77,0.14
0.69,-1.22,0.31
-0.13,-1.47,0.53
-1.17,-1.75,0.65
-2.19,-2.16,0.71
-3.06,-2.39,0.92
-4.12,-2.67,0.89
-5.04,-3.11,1.09
-6.12,-3.36,1.03
-6.96,-3.78,0.95
-7.70,-3.96,0.95
-8.55,-4.49,0.98
-9.01,-4.51,0.86
-9.41,-4.94,0.79
-9.54,-5.06,0.60
-9.60,-5.12,0.40
-9.54,-5.24,0.22
-9.35,-5.16,0.23
-8.83,-4.95,0.29
-8.37,-4.76,0.10
-7.78,-4.47,0.13
-7.13,-4.11,0.27
-6.38,-3.69,0.20
-5.60,-3.26,0.24
-4.63,-3.07,0.33
-3.81,-2.65,0.31
-2.91,-2.35,0.38
-2.00,-2.14,0.61
-1.12,-1.92,0.64
-0.12,-1.73,0.68
0.69,-1.74,0.84
1.32,-1.71,0.65
1.97,-1.54,0.83
2.46,-1.38,0.99
3.07,-1.14,1.00
3.33,-0.98,0.92
3.58,-0.79,0.83
3.70,-0.49,0.72
3.85,-0.24,0.78
3.73,0.07,0.60
3.58,0.48,0.62
3.31,0.71,0.32
2.92,0.77,0.25
2.44,1.14,0.08
1.76,1.22,-0.15
1.15,1.39,-0.32
0.63,1.23,-0.40
-0.13,1.14,-0.60
-0.77,1.06,-0.92
-1.52,0.77,-1.01
-2.07,0.53,-1.20
-2.72,0.23,-1.34
-3.38,-0.01,-1.47
-3.64,-0.52,-1.27
-4.22,-0.89,-1.28
-4.47,-1.06,-1.17
-4.89,-1.43,-1.29
-5.26,-1.64,-1.02
-5.33,-1.80,-0.86
-5.39,-1.82,-0.80
-5.37,-1.77,-0.65
-5.24,-1.59,-0.31
-5.30,-1.42,-0.22
-5.31,-1.37,-0.05
-5.09,-0.91,0.11
-4.86,-0.68,0.24
-4.56,-0.60,0.22
-4.17,-0.24,0.09
-3.84,-0.16,0.07
-3.56,-0.05,0.14
-3.20,-0.05,0.06
-2.81,0.15,0.13
-2.39,0.12,-0.06
-2.00,0.37,0.02
-1.58,0.44,-0.04
-1.26,0.54,-0.11
-1.13,0.84,-0.19
-0.71,1.11,-0.33
-0.40,1.51,-0.37
-0.09,1.75,-0.43
0.51,2.02,-0.55
0.66,2.20,-0.61
0.99,2.57,-0.66
1.07,2.57,-0.80
1.30,2.74,-0.81
1.65,2.90,-0.69
1.70,2.88,-0.75
1.76,2.96,-0.71
1.82,2.66,-0.59
1.70,2.67,-0.44
1.38,2.41,-0.30
1.20,2.34,-0.14
0.86,2.03,-0.18
0.56,1.91,0.07
0.12,1.63,0.06
-0.30,1.33,0.16
-0.88,1.02,0.40
-1.43,0.74,0.39
-1.97,0.63,0.51
-2.39,0.45,0.53
-2.96,0.09,0.39
-3.21,-0.06,0.45
-3.56,-0.06,0.39
-4.02,-0.07,0.24
-4.50,-0.19,0.14
-4.81,-0.12,0.11
-5.09,-0.09,0.19
-5.14,-0.02,-0.03
-5.52,0.18,-0.19
-5.70,0.22,-0.28
-5.72,0.23,-0.24
-5.66,0.22,-0.29
-5.60,0.09,-0.28
-5.47,0.32,-0.11
-5.27,0.11,-0.03
-5.00,0.02,-0.20
-4.69,-0.05,-0.02
-4.28,-0.02,-0.05
-3.76,0.14,0.28
-3.53,0.13,0.19
-3.02,0.26,0.23
-2.43,0.24,0.36
-1.77,0.64,0.38
-1.36,0.79,0.31
-0.71,0.96,0.26
-0.19,1.05,0.25
0.50,1.20,0.18
0.93,1.57,0.02
1.25,1.43,0.00
1.61,1.42,-0.12
1.85,1.48,-0.33
2.14,1.45,-0.42
2.19,1.32,-0.47
2.29,1.20,-0.56
2.18,1.19,-0.69
1.89,0.91,-0.84
1.64,0.94,-0.74
1.05,0.87,-0.68
0.66,0.67,-0.45
0.01,0.82,-0.34
-0.53,0.83,-0.16
-0.93,0.65,0.09
-1.69,0.58,0.31
-2.16,0.44,0.56
-2.78,0.39,0.59
-3.19,0.29,0.80
-3.84,0.27,0.83
-4.00,-0.06,0.86
-4.22,-0.19,1.01
-4.28,-0.45,0.96
-4.49,-0.74,0.90
-4.37,-0.96,0.66
-4.27,-1.38,0.51
-4.23,-1.73,0.29
-3.94,-2.17,0.00
-3.76,-2.60,-0.11
-3.42,-3.05,-0.25
-3.04,-3.62,-0.41
-2.79,-4.05,-0.74
-2.40,-4.28,-0.74
-2.32,-4.52,-0.85
-2.06,-4.71,-0.83
-1.83,-4.73,-0.87
-1.85,-4.70,-0.75
-1.63,-4.51,-0.68
-1.59,-4.24,-0.46
-1.69,-3.88,-0.39
-1.66,-3.48,-0.23
-1.73,-3.01,-0.08
-1.88,-2.65,0.02
-1.98,-2.32,0.25
-2.10,-1.95,0.33
-2.17,-1.61,0.49
-2.42,-1.28,0.59
-2.43,-1.01,0.62
-2.47,-0.65,0.68
-2.49,-0.63,0.64
-2.42,-0.31,0.66
-2.45,-0.23,0.51
-2.19,-0.17,0.51
-2.13,-0.12,0.20
-1.83,-0.05,0.13
-1.50,-0.26,-0.10
-1.20,-0.31,-0.32
-0.86,-0.32,-0.58
-0.54,-0.34,-0.71
-0.34,-0.31,-1.14
-0.06,-0.24,-1.31
0.17,-0.09,-1.55
0.35,-0.03,-1.68
0.37,0.05,-1.72
0.45,0.18,-1.82
0.45,0.35,-1.83
0.37,0.27,-1.77
0.24,0.20,-1.64
-0.03,0.37,-1.54
-0.22,0.31,-1.27
-0.48,0.25,-1.01
-0.74,0.33,-0.68
-1.14,0.35,-0.37
-1.52,0.42,0.00
-1.86,0.58,0.21
-2.32,0.97,0.47
-2.60,1.32,0.61
-2.99,1.46,0.74
-3.07,1.62,1.02
-3.40,1.81,1.03
-3.76,1.98,1.09
-3.61,2.11,0.89
-3.85,2.24,0.68
-3.80,2.29,0.45
-3.81,2.22,0.19
-3.70,2.22,-0.08
-3.65,2.13,-0.21
-3.27,2.03,-0.42
-3.04,2.05,-0.78
-2.82,1.85,-0.96
-2.50,1.75,-1.06
-2.23,1.72,-1.26
-1.99,1.67,-1.48
-1.48,1.68,-1.33
-1.15,1.57,-1.12
-0.86,1.51,-1.09
-0.44,1.52,-1.06
-0.14,1.64,-0.80
0.02,1.50,-0.53
0.30,1.54,-0.36
0.37,1.56,-0.09
0.60,1.66,0.23
0.43,1.56,0.51
0.61,1.49,0.68
0.55,1.48,0.74
0.47,1.30,0.92
0.29,1.00,1.17
0.24,0.69,1.13
-0.08,0.28,1.20
-0.36,-0.03,1.30
-0.48,-0.44,1.27
-0.74,-0.78,1.16
-1.14,-1.13,1.14
-1.40,-1.56,1.10
-1.87,-1.70,1.19
-2.40,-1.93,0.98
-2.90,-1.98,0.98
-3.37,-2.09,0.87
-3.87,-2.05,0.88
-4.41,-2.11,0.76
-4.98,-1.90,0.76
-5.29,-1.91,0.55
-5.66,-1.71,0.50
-6.07,-1.63,0.49
-6.23,-1.60,0.21
-6.43,-1.49,0.23