-2.73,0.02,-1.98
-2.76,-0.14,-1.95
-2.55,-0.14,-2.04
-2.58,-0.40,-2.27
-2.78,-0.69,-2.40
-2.88,-0.74,-2.44
-2.82,-0.70,-2.55
-2.86,-0.56,-2.52
-2.75,-0.55,-2.61
-2.94,-0.35,-2.61
-2.71,-0.40,-2.50
-2.61,-0.24,-2.52
-2.68,-0.14,-2.56
-2.76,-0.13,-2.58
-2.77,-0.12,-2.67
-2.82,-0.19,-2.82
-3.02,-0.15,-2.78
-3.07,-0.30,-2.88
-3.50,-0.18,-2.80
-3.53,-0.16,-2.90
-3.79,-0.18,-3.04
-4.00,-0.16,-3.04
-3.98,0.10,-3.19
-4.20,0.00,-3.27
-4.15,-0.06,-3.41
-4.32,0.00,-3.47
-4.20,0.10,-3.59
-4.33,0.24,-3.69
-4.37,0.24,-3.73
-4.37,0.22,-4.03
-4.28,0.30,-4.06
-4.32,0.18,-4.23
-4.31,0.05,-4.39
-4.13,0.09,-4.63
-4.39,0.01,-4.73
-4.26,0.10,-4.92
-4.47,0.13,-5.07
-4.17,0.31,-5.21
-4.18,0.21,-5.46
-4.24,-0.08,-5.57
-4.24,-0.07,-5.82
-4.27,0.07,-5.85
-3.74,0.32,-5.95
-3.56,0.43,-6.01
-3.09,0.42,-6.21
-2.66,0.32,-6.23
-2.43,0.31,-6.50
-2.02,0.23,-6.67
-1.79,0.51,-6.89
-1.33,0.48,-7.03
-1.05,0.51,-7.19
-0.94,0.25,-7.34
-0.69,0.10,-7.66
-0.58,-0.14,-7.85
-0.45,-0.41,-8.08
-0.39,-0.73,-8.37
-0.19,-0.97,-8.71
-0.32,-1.33,-9.13
-0.41,-1.17,-9.42
-0.23,-1.24,-9.78
0.03,-1.04,-10.27
0.15,-0.89,-10.71
0.30,-1.01,-11.11
0.56,-1.19,-11.71
0.90,-1.67,-12.10
1.21,-1.86,-12.60
1.66,-2.26,-13.20
2.02,-2.59,-13.77
2.39,-2.92,-14.26
2.48,-3.03,-14.80
2.86,-3.51,-15.58
3.00,-3.50,-16.13
3.19,-3.70,-16.66
2.98,-3.74,-17.27
2.69,-3.74,-17.89
2.64,-3.94,-18.36
2.54,-3.97,-18.91
2.62,-4.04,-19.38
2.42,-4.43,-20.01
2.53,-4.66,-20.48
2.48,-5.02,-20.93
2.64,-5.31,-21.51
2.94,-5.82,-21.75
3.17,-6.64,-22.39
3.51,-7.59,-22.77
3.48,-8.18,-23.17
3.58,-8.58,-23.55
3.72,-8.67,-23.85
3.50,-8.29,-24.04
3.26,-7.93,-24.45
2.98,-7.26,-24.78
2.43,-6.60,-25.20
1.97,-6.16,-25.34
1.81,-5.66,-25.58
1.44,-5.48,-25.87
1.16,-5.22,-26.12
0.83,-5.21,-26.64
0.77,-5.60,-26.90
0.78,-5.87,-27.41
0.65,-5.84,-27.93
0.84,-5.62,-28.29
0.82,-5.32,-28.75
0.89,-4.86,-29.06
0.85,-4.45,-29.58
0.64,-4.03,-30.00
0.48,-3.83,-30.54
0.30,-3.65,-30.98
0.24,-3.63,-31.46
-0.00,-3.41,-31.73
-0.02,-3.12,-32.15
-0.08,-2.38,-32.51
0.05,-1.53,-32.81
0.10,-0.40,-33.02
0.10,0.11,-33.05
0.08,0.68,-33.20
0.47,1.67,-33.41
0.36,2.98,-33.52
0.38,3.16,-33.82
0.55,2.82,-33.87
0.64,2.33,-33.89
0.85,1.92,-33.76
0.75,1.36,-33.75
0.72,1.22,-33.87
0.87,0.66,-33.85
1.17,0.17,-33.57
1.17,-0.60,-33.73
1.67,-1.16,-33.67
1.85,-1.54,-33.64
2.07,-1.58,-33.57
2.37,-1.83,-33.41
2.71,-2.15,-33.42
3.09,-2.51,-33.40
3.47,-2.69,-33.57
3.75,-2.91,-33.57
4.07,-3.01,-33.81
4.23,-3.32,-34.21
4.31,-3.81,-34.41
4.18,-4.28,-34.94
3.77,-4.49,-35.14
3.12,-4.75,-35.61
2.36,-4.59,-35.70
1.95,-4.10,-35.93
1.35,-3.30,-35.84
0.59,-2.51,-35.92
-0.01,-2.06,-35.68
-0.53,-1.97,-35.72
-0.83,-1.59,-35.80
-1.20,-1.50,-35.89
-1.40,-1.39,-35.82
-1.83,-1.06,-35.83
-1.79,-1.00,-35.89
-2.31,-0.61,-35.97
-2.67,-0.14,-36.02
-3.22,0.26,-36.02
-3.75,0.61,-36.02
-4.14,0.80,-35.95
-4.35,1.09,-35.91
-4.68,1.36,-35.89
-5.21,1.69,-35.93
-5.44,2.16,-36.02
-5.50,3.11,-35.82
-4.98,3.75,-35.68
-4.51,4.19,-35.64
-4.18,4.53,-35.55
-3.92,4.52,-35.74
-3.67,4.66,-35.76
-3.41,4.73,-35.90
-3.36,4.48,-36.10
-3.65,4.41,-36.32
-4.01,3.97,-36.47
-4.63,3.41,-36.62
-5.10,3.23,-36.65
-5.53,2.95,-36.72
-5.94,2.79,-36.66
-6.37,2.58,-36.73
-6.83,2.03,-36.72
-7.13,1.79,-36.66
-7.45,1.78,-36.34
-7.65,2.03,-36.10
-8.03,1.73,-35.86
-7.94,2.03,-35.74
-8.34,2.08,-35.40
-8.49,2.29,-35.30
-8.95,2.33,-34.98
-9.21,2.24,-34.76
-9.60,1.85,-34.56
-9.67,1.54,-34.40
-9.65,0.98,-34.31
-9.43,0.15,-34.44
-9.35,-0.73,-34.51
-9.29,-1.40,-34.43
-9.29,-1.80,-34.57
-9.24,-2.19,-34.55
-9.31,-2.51,-34.71
-9.40,-2.38,-34.60
-9.69,-1.78,-34.52
-9.55,-0.76,-34.33
-9.43,0.56,-34.24
-9.55,1.68,-33.99
-9.66,2.55,-33.73
-9.85,3.24,-33.21
-9.83,3.75,-32.67
-9.96,3.89,-31.85
-10.32,3.98,-31.14
-10.16,3.85,-30.42
-10.21,3.56,-29.70
-10.02,3.55,-28.91
-10.03,3.44,-28.09
-9.74,3.25,-27.39
-9.44,2.98,-26.46
-9.06,2.80,-25.67
-8.38,2.59,-24.96
-8.02,2.40,-23.99
-7.11,2.53,-22.93
-6.49,2.52,-22.14
-5.76,2.42,-21.49
-5.24,2.32,-20.82
-4.42,2.07,-20.04
-3.86,1.29,-19.37
-3.48,0.87,-18.54
-2.84,-0.03,-17.82
-2.52,-0.63,-17.08
-2.12,-1.41,-16.53
-2.03,-1.43,-15.84
-1.51,-1.32,-15.11
-1.33,-1.19,-14.42
-0.92,-1.32,-13.72
-0.62,-1.58,-12.79
-0.10,-1.91,-12.11
0.15,-1.93,-11.32
0.58,-1.93,-10.61
1.22,-1.85,-9.99
1.24,-1.78,-9.29
1.46,-1.75,-8.45
1.66,-1.74,-7.83
1.66,-1.79,-7.25
1.68,-1.72,-6.63
1.65,-1.56,-6.13
1.48,-1.14,-5.52
1.27,-1.08,-4.97
0.85,-0.94,-4.57
0.45,-0.97,-4.18
0.07,-0.83,-3.89
-0.43,-0.69,-3.48
-1.01,-0.64,-3.05
-1.30,-0.69,-2.67
-1.78,-0.72,-2.54
-2.10,-1.08,-2.15
-2.32,-1.47,-1.94
-2.45,-2.20,-1.74
-2.45,-2.76,-1.73
-2.61,-3.46,-1.54
-2.61,-3.91,-1.38
-2.54,-4.04,-1.33
-2.70,-4.10,-1.27
-2.84,-3.79,-1.09
-3.16,-3.40,-1.06
-3.19,-3.04,-0.93
-3.50,-2.84,-0.71
-3.78,-2.27,-0.77
-3.86,-1.94,-0.64
-4.17,-1.46,-0.43
-4.38,-1.21,-0.32
-4.49,-0.96,0.02
-4.82,-0.76,-0.04
-4.97,-0.92,0.14
-5.33,-1.08,0.39
-5.32,-1.21,0.50
-5.41,-1.42,0.78
-5.18,-1.14,0.94
-5.17,-1.04,1.14
-4.97,-0.60,1.38
-4.81,-0.43,1.51
-4.48,-0.24,1.63
-4.51,-0.09,1.61
-4.36,-0.17,1.72
-4.03,-0.05,1.85
-3.67,-0.01,2.03
-3.64,-0.01,2.15
-3.43,-0.07,2.17
-3.36,-0.21,2.09
-3.26,-0.25,2.25
-3.05,-0.45,2.17
-3.07,-0.42,2.18